WORKSHOP 3 EXPORTED DATA: [C:\Documents and Settings\Administrator\Pulpit\Rozciaganie\w5_2.W01 - 1]					
*************************************************************************************************					
Source of data: ScriptPl					
WS3 File Version: 1,05					
Number of bytes in subfile: 10427					
Total number of data points: 496					
Test date: 30-01-2018					
Test time: 16:53:17					
Player Step: 1					
Step Capture No: 1					
Actuator: 1					
*************************************************************************************************					
Actuator: 1  Channel:0	 Actuator: 1  Channel:1	 Actuator: 1  Channel:2	 Actuator: 1  Channel:3	 Actuator: 1  Channel:4	 
Load (kN)	 Stroke (mm)	 Extension (mm)	 Command (%)	 Time (s)	 
0,911	-61,358	0,000	-47,155	0	 
1,384	-61,339	0,001	-47,139	1	 
1,706	-61,324	0,000	-47,125	2	 
2,031	-61,309	0,001	-47,110	3	 
2,462	-61,287	0,002	-47,099	4	 
2,922	-61,266	0,004	-47,075	5	 
3,391	-61,252	0,006	-47,065	6	 
3,788	-61,235	0,008	-47,052	7	 
4,285	-61,211	0,008	-47,033	8	 
4,857	-61,192	0,014	-47,019	9	 
5,243	-61,172	0,014	-47,001	10	 
5,727	-61,158	0,016	-46,986	11	 
6,244	-61,134	0,018	-46,977	12	 
6,793	-61,115	0,018	-46,956	13	 
7,276	-61,094	0,021	-46,940	14	 
7,817	-61,079	0,021	-46,925	15	 
8,501	-61,059	0,021	-46,906	16	 
9,330	-61,037	0,021	-46,894	17	 
10,089	-61,023	0,025	-46,876	18	 
10,978	-61,002	0,029	-46,861	19	 
11,775	-60,980	0,031	-46,848	20	 
12,675	-60,967	0,033	-46,830	21	 
13,642	-60,944	0,035	-46,817	22	 
14,463	-60,932	0,035	-46,802	23	 
15,410	-60,911	0,035	-46,784	24	 
16,398	-60,890	0,040	-46,773	25	 
17,441	-60,868	0,043	-46,754	26	 
18,389	-60,851	0,045	-46,743	27	 
19,377	-60,833	0,045	-46,722	28	 
20,326	-60,816	0,045	-46,705	29	 
21,415	-60,796	0,047	-46,697	30	 
22,269	-60,777	0,047	-46,679	31	 
23,261	-60,756	0,049	-46,662	32	 
24,187	-60,740	0,055	-46,647	33	 
25,108	-60,724	0,066	-46,633	34	 
25,991	-60,699	0,086	-46,621	35	 
26,845	-60,685	0,102	-46,602	36	 
27,727	-60,664	0,116	-46,588	37	 
28,697	-60,643	0,130	-46,574	38	 
29,519	-60,629	0,144	-46,556	39	 
30,333	-60,610	0,158	-46,548	40	 
31,091	-60,588	0,172	-46,526	41	 
31,813	-60,572	0,187	-46,515	42	 
32,631	-60,548	0,206	-46,490	43	 
33,335	-60,533	0,224	-46,476	44	 
34,031	-60,513	0,242	-46,462	45	 
34,738	-60,497	0,261	-46,448	46	 
35,355	-60,473	0,281	-46,432	47	 
35,975	-60,457	0,300	-46,416	48	 
36,547	-60,435	0,323	-46,398	49	 
37,129	-60,419	0,348	-46,387	50	 
37,723	-60,400	0,380	-46,372	51	 
38,224	-60,381	0,413	-46,358	52	 
38,707	-60,361	0,448	-46,343	53	 
39,217	-60,340	0,483	-46,327	54	 
39,759	-60,320	0,523	-46,311	55	 
40,111	-60,302	0,555	-46,294	56	 
40,603	-60,288	0,598	-46,278	57	 
41,013	-60,266	0,639	-46,262	58	 
41,382	-60,245	0,683	-46,247	59	 
41,754	-60,225	0,727	-46,233	60	 
42,158	-60,200	0,774	-46,217	61	 
42,536	-60,186	0,809	-46,198	62	 
42,856	-60,167	0,854	-46,184	63	 
43,202	-60,150	0,897	-46,169	64	 
43,536	-60,130	0,935	-46,153	65	 
43,780	-60,108	0,973	-46,144	66	 
44,079	-60,088	1,011	-46,123	67	 
44,495	-60,071	1,054	-46,109	68	 
44,580	-60,046	1,090	-46,096	69	 
44,978	-60,027	1,133	-46,079	70	 
45,219	-60,009	1,173	-46,061	71	 
45,471	-59,987	1,216	-46,046	72	 
45,749	-59,968	1,255	-46,031	73	 
45,951	-59,951	1,290	-46,015	74	 
46,204	-59,932	1,330	-46,000	75	 
46,407	-59,912	1,366	-45,983	76	 
46,705	-59,890	1,407	-45,969	77	 
46,820	-59,868	1,440	-45,954	78	 
47,061	-59,854	1,473	-45,943	79	 
47,297	-59,835	1,513	-45,927	80	 
47,534	-59,813	1,548	-45,909	81	 
47,676	-59,794	1,584	-45,892	82	 
47,952	-59,773	1,620	-45,882	83	 
48,053	-59,752	1,658	-45,864	84	 
48,284	-59,737	1,695	-45,850	85	 
48,421	-59,710	1,735	-45,838	86	 
48,706	-59,692	1,770	-45,818	87	 
48,772	-59,675	1,805	-45,803	88	 
48,943	-59,656	1,834	-45,792	89	 
49,180	-59,636	1,869	-45,772	90	 
49,289	-59,615	1,903	-45,756	91	 
49,430	-59,594	1,933	-45,743	92	 
49,627	-59,577	1,964	-45,726	93	 
49,804	-59,556	1,996	-45,708	94	 
49,968	-59,536	2,028	-45,699	95	 
50,026	-59,513	2,055	-45,683	96	 
50,152	-59,496	2,079	-45,667	97	 
50,447	-59,473	2,112	-45,650	98	 
50,488	-59,453	2,142	-45,638	99	 
50,572	-59,439	2,164	-45,621	100	 
50,790	-59,412	2,192	-45,599	101	 
50,852	-59,396	2,214	-45,588	102	 
51,017	-59,380	2,234	-45,570	103	 
51,211	-59,357	2,256	-45,560	104	 
51,275	-59,334	2,276	-45,540	105	 
51,494	-59,315	2,298	-45,522	106	 
51,529	-59,296	2,320	-45,509	107	 
51,604	-59,278	2,340	-45,494	108	 
51,823	-59,256	2,360	-45,478	109	 
51,865	-59,238	2,378	-45,464	110	 
52,093	-59,215	2,398	-45,445	111	 
52,131	-59,200	2,420	-45,431	112	 
52,189	-59,177	2,438	-45,417	113	 
52,361	-59,156	2,456	-45,402	114	 
52,475	-59,140	2,476	-45,386	115	 
52,568	-59,123	2,496	-45,376	116	 
52,723	-59,101	2,517	-45,358	117	 
52,760	-59,079	2,537	-45,343	118	 
52,828	-59,062	2,554	-45,321	119	 
53,025	-59,034	2,575	-45,311	120	 
53,062	-59,020	2,594	-45,293	121	 
53,140	-59,003	2,613	-45,277	122	 
53,320	-58,981	2,632	-45,264	123	 
53,356	-58,957	2,651	-45,248	124	 
53,442	-58,940	2,669	-45,231	125	 
53,552	-58,922	2,688	-45,219	126	 
53,694	-58,896	2,707	-45,204	127	 
53,721	-58,881	2,727	-45,187	128	 
53,783	-58,862	2,743	-45,169	129	 
53,886	-58,841	2,763	-45,160	130	 
54,060	-58,819	2,783	-45,143	131	 
54,048	-58,798	2,804	-45,128	132	 
54,114	-58,777	2,820	-45,112	133	 
54,213	-58,761	2,838	-45,098	134	 
54,340	-58,741	2,857	-45,080	135	 
54,376	-58,721	2,875	-45,069	136	 
54,482	-58,700	2,893	-45,051	137	 
54,553	-58,682	2,911	-45,036	138	 
54,664	-58,657	2,933	-45,022	139	 
54,680	-58,636	2,951	-45,005	140	 
54,701	-58,621	2,969	-44,990	141	 
54,888	-58,599	2,986	-44,977	142	 
54,927	-58,580	3,006	-44,958	143	 
54,978	-58,562	3,024	-44,938	144	 
55,111	-58,541	3,042	-44,926	145	 
55,166	-58,514	3,062	-44,918	146	 
55,180	-58,496	3,081	-44,893	147	 
55,231	-58,482	3,098	-44,880	148	 
55,298	-58,464	3,115	-44,867	149	 
55,407	-58,441	3,133	-44,850	150	 
55,510	-58,423	3,152	-44,832	151	 
55,528	-58,394	3,171	-44,816	152	 
55,563	-58,379	3,238	-44,807	153	 
55,623	-58,362	3,423	-44,787	154	 
55,747	-58,342	4,210	-44,775	155	 
55,774	-58,323	4,232	-44,761	156	 
55,834	-58,297	4,252	-44,744	157	 
55,874	-58,281	4,271	-44,728	158	 
56,006	-58,261	4,291	-44,714	159	 
56,033	-58,238	3,791	-44,694	160	 
56,045	-58,217	2,238	-44,682	161	 
56,091	-58,201	0,731	-44,661	162	 
56,137	-58,179	-0,226	-44,651	163	 
56,295	-58,161	-0,151	-44,640	164	 
56,301	-58,137	1,582	-44,617	165	 
56,323	-58,119	2,392	-44,607	166	 
56,352	-58,107	2,397	-44,590	167	 
56,419	-58,080	2,398	-44,580	168	 
56,522	-58,060	2,398	-44,560	169	 
56,549	-58,042	2,398	-44,541	170	 
56,617	-58,029	2,392	-44,525	171	 
56,644	-58,004	2,393	-44,511	172	 
56,676	-57,982	2,394	-44,497	173	 
56,776	-57,963	2,395	-44,480	174	 
56,787	-57,942	2,396	-44,466	175	 
56,823	-57,919	2,396	-44,442	176	 
56,870	-57,904	2,396	-44,433	177	 
56,900	-57,883	2,397	-44,420	178	 
57,040	-57,860	2,399	-44,405	179	 
57,041	-57,842	2,399	-44,388	180	 
57,051	-57,819	2,399	-44,368	181	 
57,077	-57,801	2,400	-44,361	182	 
57,116	-57,784	2,399	-44,344	183	 
57,165	-57,763	2,399	-44,329	184	 
57,268	-57,747	2,399	-44,310	185	 
57,310	-57,726	2,399	-44,294	186	 
57,333	-57,705	2,400	-44,278	187	 
57,356	-57,680	2,399	-44,264	188	 
57,388	-57,661	2,399	-44,249	189	 
57,430	-57,645	2,400	-44,230	190	 
57,542	-57,624	2,399	-44,218	191	 
57,553	-57,601	2,399	-44,201	192	 
57,567	-57,583	2,399	-44,187	193	 
57,581	-57,556	2,400	-44,174	194	 
57,609	-57,538	2,399	-44,153	195	 
57,644	-57,526	2,399	-44,144	196	 
57,685	-57,501	2,400	-44,126	197	 
57,728	-57,485	2,400	-44,113	198	 
57,817	-57,465	2,400	-44,095	199	 
57,842	-57,445	2,400	-44,083	200	 
57,868	-57,424	2,400	-44,068	201	 
57,899	-57,404	2,399	-44,058	202	 
57,929	-57,384	2,399	-44,030	203	 
57,956	-57,365	2,400	-44,020	204	 
58,009	-57,344	2,400	-44,002	205	 
58,027	-57,327	2,399	-43,988	206	 
58,060	-57,304	2,400	-43,977	207	 
58,125	-57,281	2,399	-43,953	208	 
58,140	-57,264	2,400	-43,941	209	 
58,164	-57,241	2,400	-43,929	210	 
58,185	-57,222	2,400	-43,914	211	 
58,213	-57,205	2,399	-43,904	212	 
58,247	-57,184	2,400	-43,885	213	 
58,295	-57,163	2,400	-43,864	214	 
58,324	-57,145	2,400	-43,852	215	 
58,369	-57,123	2,400	-43,841	216	 
58,392	-57,108	2,400	-43,824	217	 
58,411	-57,085	2,400	-43,804	218	 
58,431	-57,063	2,399	-43,794	219	 
58,464	-57,045	2,400	-43,777	220	 
58,518	-57,029	2,400	-43,763	221	 
58,543	-57,003	2,400	-43,753	222	 
58,569	-56,984	2,399	-43,731	223	 
58,597	-56,965	2,400	-43,716	224	 
58,623	-56,947	2,400	-43,700	225	 
58,640	-56,925	2,399	-43,686	226	 
58,665	-56,903	2,400	-43,668	227	 
58,687	-56,884	2,400	-43,649	228	 
58,712	-56,863	2,400	-43,633	229	 
58,751	-56,844	2,399	-43,620	230	 
58,789	-56,825	2,400	-43,603	231	 
58,788	-56,804	2,399	-43,590	232	 
58,838	-56,785	2,400	-43,574	233	 
58,877	-56,769	2,400	-43,556	234	 
58,898	-56,748	2,400	-43,541	235	 
58,924	-56,724	2,400	-43,528	236	 
58,939	-56,701	2,400	-43,506	237	 
58,959	-56,687	2,400	-43,497	238	 
58,978	-56,665	2,400	-43,475	239	 
58,999	-56,646	2,400	-43,465	240	 
59,026	-56,631	2,400	-43,449	241	 
59,058	-56,607	2,400	-43,431	242	 
59,083	-56,584	2,400	-43,421	243	 
59,102	-56,567	2,400	-43,403	244	 
59,122	-56,542	2,401	-43,387	245	 
59,146	-56,524	2,400	-43,377	246	 
59,173	-56,503	2,400	-43,357	247	 
59,196	-56,484	2,400	-43,341	248	 
59,221	-56,464	2,400	-43,329	249	 
59,248	-56,445	2,401	-43,311	250	 
59,268	-56,426	2,400	-43,299	251	 
59,289	-56,403	2,400	-43,281	252	 
59,311	-56,385	2,400	-43,267	253	 
59,327	-56,362	2,400	-43,254	254	 
59,354	-56,341	2,400	-43,235	255	 
59,369	-56,324	2,400	-43,218	256	 
59,388	-56,302	2,400	-43,205	257	 
59,407	-56,283	2,400	-43,188	258	 
59,429	-56,264	2,400	-43,179	259	 
59,454	-56,244	2,400	-43,163	260	 
59,466	-56,221	2,400	-43,146	261	 
59,488	-56,205	2,400	-43,135	262	 
59,509	-56,186	2,400	-43,115	263	 
59,528	-56,164	2,400	-43,099	264	 
59,547	-56,144	2,400	-43,085	265	 
59,572	-56,121	2,400	-43,070	266	 
59,584	-56,105	2,400	-43,058	267	 
59,602	-56,084	2,400	-43,037	268	 
59,621	-56,065	2,400	-43,025	269	 
59,645	-56,045	2,401	-43,003	270	 
59,666	-56,022	2,400	-42,990	271	 
59,678	-56,007	2,401	-42,974	272	 
59,696	-55,987	2,400	-42,959	273	 
59,717	-55,966	2,400	-42,946	274	 
59,737	-55,947	2,400	-42,927	275	 
59,764	-55,926	2,400	-42,912	276	 
59,772	-55,904	2,400	-42,897	277	 
59,789	-55,884	2,401	-42,885	278	 
59,795	-55,866	2,400	-42,871	279	 
59,809	-55,846	2,400	-42,851	280	 
59,822	-55,826	2,400	-42,834	281	 
59,825	-55,805	2,401	-42,825	282	 
59,871	-55,787	2,400	-42,805	283	 
59,880	-55,769	2,400	-42,791	284	 
59,915	-55,745	2,401	-42,777	285	 
59,939	-55,725	2,400	-42,762	286	 
59,961	-55,707	2,400	-42,744	287	 
59,951	-55,685	2,400	-42,731	288	 
59,961	-55,659	2,400	-42,717	289	 
59,991	-55,642	2,400	-42,698	290	 
59,978	-55,620	2,400	-42,684	291	 
59,984	-55,603	2,401	-42,667	292	 
59,976	-55,586	2,400	-42,654	293	 
60,013	-55,562	2,400	-42,639	294	 
60,028	-55,545	2,400	-42,622	295	 
60,103	-55,528	2,400	-42,608	296	 
60,118	-55,510	2,400	-42,590	297	 
60,109	-55,486	2,400	-42,576	298	 
60,131	-55,464	2,400	-42,552	299	 
60,141	-55,445	2,399	-42,544	300	 
60,140	-55,424	2,401	-42,528	301	 
60,145	-55,405	2,400	-42,512	302	 
60,161	-55,383	2,401	-42,500	303	 
60,153	-55,362	2,400	-42,480	304	 
60,153	-55,347	2,400	-42,469	305	 
60,171	-55,330	2,400	-42,455	306	 
60,208	-55,311	2,400	-42,439	307	 
60,321	-55,285	2,400	-42,420	308	 
60,285	-55,260	2,401	-42,410	309	 
60,252	-55,241	2,400	-42,393	310	 
60,283	-55,222	2,400	-42,374	311	 
60,267	-55,199	2,401	-42,364	312	 
60,263	-55,177	2,400	-42,344	313	 
60,276	-55,158	2,400	-42,325	314	 
60,294	-55,139	2,400	-42,312	315	 
60,308	-55,117	2,400	-42,297	316	 
60,299	-55,102	2,400	-42,280	317	 
60,323	-55,082	2,400	-42,270	318	 
60,337	-55,063	2,401	-42,244	319	 
60,354	-55,045	2,401	-42,235	320	 
60,372	-55,030	2,400	-42,224	321	 
60,420	-55,007	2,400	-42,200	322	 
60,458	-54,989	2,400	-42,190	323	 
60,456	-54,965	2,400	-42,179	324	 
60,443	-54,946	2,400	-42,161	325	 
60,440	-54,929	2,400	-42,146	326	 
60,436	-54,905	2,400	-42,128	327	 
60,446	-54,887	2,400	-42,115	328	 
60,459	-54,867	2,400	-42,102	329	 
60,482	-54,846	2,400	-42,091	330	 
60,484	-54,827	2,400	-42,067	331	 
60,585	-54,806	2,401	-42,050	332	 
60,574	-54,785	2,400	-42,038	333	 
60,552	-54,760	2,400	-42,023	334	 
60,533	-54,743	2,400	-42,007	335	 
60,508	-54,722	2,401	-41,993	336	 
60,517	-54,706	2,401	-41,975	337	 
60,530	-54,679	2,400	-41,959	338	 
60,537	-54,661	2,400	-41,948	339	 
60,563	-54,643	2,401	-41,931	340	 
60,583	-54,623	2,401	-41,916	341	 
60,579	-54,602	2,401	-41,904	342	 
60,586	-54,584	2,400	-41,885	343	 
60,587	-54,567	2,400	-41,869	344	 
60,622	-54,547	2,400	-41,861	345	 
60,678	-54,531	2,400	-41,840	346	 
60,684	-54,508	2,401	-41,830	347	 
60,680	-54,484	2,400	-41,805	348	 
60,678	-54,466	2,401	-41,795	349	 
60,666	-54,443	2,400	-41,780	350	 
60,654	-54,421	2,400	-41,761	351	 
60,670	-54,405	2,400	-41,751	352	 
60,668	-54,384	2,400	-41,740	353	 
60,668	-54,365	2,400	-41,717	354	 
60,680	-54,346	2,400	-41,699	355	 
60,728	-54,321	2,401	-41,687	356	 
60,750	-54,304	2,400	-41,668	357	 
60,775	-54,284	2,400	-41,653	358	 
60,783	-54,264	2,400	-41,641	359	 
60,757	-54,238	2,401	-41,622	360	 
60,738	-54,222	2,400	-41,602	361	 
60,725	-54,207	2,400	-41,591	362	 
60,723	-54,185	2,400	-41,575	363	 
60,736	-54,165	2,401	-41,564	364	 
60,789	-54,150	2,400	-41,541	365	 
60,804	-54,123	2,401	-41,531	366	 
60,789	-54,103	2,400	-41,512	367	 
60,783	-54,086	2,401	-41,497	368	 
60,778	-54,061	2,400	-41,479	369	 
60,782	-54,046	2,400	-41,476	370	 
60,906	-54,024	2,400	-41,450	371	 
60,887	-54,000	2,400	-41,437	372	 
60,860	-53,980	2,400	-41,422	373	 
60,829	-53,959	2,400	-41,406	374	 
60,805	-53,937	2,400	-41,392	375	 
60,819	-53,919	2,400	-41,377	376	 
60,835	-53,898	2,401	-41,361	377	 
60,846	-53,880	2,400	-41,343	378	 
60,833	-53,860	2,401	-41,333	379	 
60,837	-53,839	2,400	-41,314	380	 
60,822	-53,821	2,401	-41,300	381	 
60,843	-53,806	2,401	-41,289	382	 
60,875	-53,786	2,401	-41,269	383	 
60,923	-53,766	2,400	-41,255	384	 
60,936	-53,745	2,400	-41,239	385	 
60,916	-53,719	2,400	-41,228	386	 
60,888	-53,701	2,400	-41,215	387	 
60,887	-53,685	2,400	-41,190	388	 
60,879	-53,665	2,400	-41,179	389	 
60,909	-53,646	2,400	-41,162	390	 
60,954	-53,621	2,400	-41,146	391	 
60,953	-53,602	2,400	-41,135	392	 
60,947	-53,581	2,401	-41,117	393	 
60,940	-53,565	2,400	-41,096	394	 
60,929	-53,545	2,400	-41,091	395	 
60,942	-53,526	2,401	-41,069	396	 
60,964	-53,507	2,400	-41,056	397	 
60,964	-53,486	2,400	-41,038	398	 
60,959	-53,465	2,400	-41,026	399	 
60,953	-53,447	2,400	-41,006	400	 
60,935	-53,426	2,400	-40,995	401	 
60,947	-53,402	2,400	-40,970	402	 
60,977	-53,386	2,400	-40,960	403	 
60,975	-53,364	2,401	-40,949	404	 
60,986	-53,342	2,401	-40,926	405	 
60,984	-53,324	2,401	-40,918	406	 
60,986	-53,305	2,400	-40,899	407	 
60,978	-53,283	2,401	-40,882	408	 
60,971	-53,264	2,401	-40,872	409	 
60,982	-53,244	2,401	-40,861	410	 
60,982	-53,222	2,401	-40,838	411	 
60,988	-53,202	2,401	-40,828	412	 
60,993	-53,187	2,401	-40,809	413	 
60,981	-53,166	2,401	-40,793	414	 
60,995	-53,145	2,401	-40,784	415	 
61,004	-53,123	2,401	-40,773	416	 
61,013	-53,102	2,401	-40,745	417	 
61,023	-53,085	2,401	-40,728	418	 
61,011	-53,061	2,402	-40,718	419	 
61,001	-53,040	2,401	-40,704	420	 
60,995	-53,025	2,401	-40,687	421	 
60,997	-53,004	2,401	-40,674	422	 
61,006	-52,981	2,401	-40,654	423	 
61,026	-52,965	2,401	-40,635	424	 
61,026	-52,947	2,401	-40,618	425	 
61,014	-52,923	2,401	-40,608	426	 
61,013	-52,905	2,401	-40,597	427	 
61,006	-52,883	2,401	-40,574	428	 
61,013	-52,861	2,401	-40,564	429	 
61,014	-52,843	2,401	-40,542	430	 
61,028	-52,821	2,401	-40,531	431	 
61,030	-52,800	2,401	-40,513	432	 
61,019	-52,779	2,401	-40,501	433	 
60,993	-52,762	2,401	-40,487	434	 
60,983	-52,738	2,401	-40,469	435	 
60,970	-52,723	2,401	-40,457	436	 
60,969	-52,702	2,401	-40,440	437	 
60,981	-52,682	2,401	-40,425	438	 
60,996	-52,666	2,401	-40,410	439	 
61,001	-52,644	2,401	-40,392	440	 
61,014	-52,622	2,401	-40,371	441	 
61,011	-52,602	2,402	-40,355	442	 
61,020	-52,581	2,401	-40,345	443	 
61,010	-52,556	2,401	-40,325	444	 
60,982	-52,542	2,401	-40,310	445	 
60,965	-52,518	2,401	-40,296	446	 
60,957	-52,497	2,401	-40,282	447	 
60,939	-52,478	2,401	-40,268	448	 
60,931	-52,458	2,401	-40,257	449	 
60,931	-52,435	2,401	-40,238	450	 
60,929	-52,418	2,401	-40,217	451	 
60,923	-52,394	2,401	-40,201	452	 
60,923	-52,375	2,401	-40,191	453	 
60,911	-52,356	2,402	-40,176	454	 
60,915	-52,332	2,407	-40,160	455	 
60,866	-52,311	2,408	-40,146	456	 
60,838	-52,295	2,407	-40,128	457	 
60,827	-52,271	2,408	-40,125	458	 
60,809	-52,251	2,407	-40,098	459	 
60,801	-52,238	2,407	-40,083	460	 
60,810	-52,213	2,408	-40,071	461	 
60,799	-52,191	2,408	-40,047	462	 
60,797	-52,169	2,408	-40,037	463	 
60,787	-52,149	2,408	-40,025	464	 
60,695	-52,126	2,408	-40,003	465	 
60,703	-52,112	2,407	-39,993	466	 
60,688	-52,092	2,408	-39,982	467	 
60,646	-52,067	2,408	-39,956	468	 
60,629	-52,049	2,408	-39,949	469	 
60,590	-52,028	2,407	-39,931	470	 
60,559	-52,006	2,407	-39,914	471	 
60,559	-51,990	2,407	-39,905	472	 
60,493	-51,972	2,408	-39,894	473	 
60,471	-51,951	2,408	-39,871	474	 
60,432	-51,931	2,408	-39,861	475	 
60,326	-51,912	2,407	-39,842	476	 
60,337	-51,891	2,408	-39,827	477	 
60,324	-51,870	2,408	-39,815	478	 
60,153	-51,854	2,407	-39,796	479	 
0,001	-51,771	2,416	-39,782	480	 
-0,001	-51,753	2,416	-39,766	481	 
0,003	-51,733	2,416	-39,752	482	 
-0,001	-51,711	2,415	-39,730	483	 
0,004	-51,694	2,415	-39,713	484	 
0,005	-51,671	2,415	-39,699	485	 
0,006	-51,654	2,415	-39,684	486	 
0,010	-51,634	2,416	-39,667	487	 
0,010	-51,609	2,416	-39,648	488	 
0,010	-51,588	2,415	-39,633	489	 
0,008	-51,572	2,415	-39,619	490	 
0,006	-51,545	2,415	-39,604	491	 
0,006	-51,533	2,415	-39,588	492	 
0,006	-51,514	2,415	-39,574	493	 
0,006	-51,488	2,416	-39,560	494	 
0,007	-51,470	2,415	-39,542	495	 
