WORKSHOP 3 EXPORTED DATA: [C:\Documents and Settings\Administrator\Pulpit\Rozciaganie\w7_2.W01 - 1]
*************************************************************************************************
Source of data: ScriptPl
WS3 File Version: 1,05
Number of bytes in subfile: 7527
Total number of data points: 351
Test date: 30-01-2018
Test time: 18:10:40
Player Step: 1
Step Capture No: 1
Actuator: 1
*************************************************************************************************
Actuator: 1  Channel:0	 Actuator: 1  Channel:1	 Actuator: 1  Channel:2	 Actuator: 1  Channel:3	 Actuator: 1  Channel:4	 
Load (kN)	 Stroke (mm)	 Extension (mm)	 Command (%)	 Time (s)	 
0,676	 -60,492	 0,000	 -46,486	 0,000	 
1,266	 -60,467	 0,001	 -46,470	 1,000	 
1,752	 -60,447	 0,003	 -46,456	 2,000	 
2,048	 -60,437	 0,004	 -46,441	 3,000	 
2,628	 -60,418	 0,006	 -46,426	 4,000	 
3,216	 -60,398	 0,008	 -46,410	 5,000	 
3,790	 -60,380	 0,010	 -46,396	 6,000	 
4,423	 -60,358	 0,013	 -46,382	 7,000	 
5,144	 -60,339	 0,016	 -46,365	 8,000	 
5,798	 -60,321	 0,019	 -46,349	 9,000	 
6,485	 -60,303	 0,022	 -46,331	 10,000	 
7,202	 -60,284	 0,026	 -46,318	 11,000	 
7,956	 -60,265	 0,029	 -46,301	 12,000	 
8,756	 -60,244	 0,033	 -46,285	 13,000	 
9,660	 -60,222	 0,037	 -46,273	 14,000	 
10,545	 -60,208	 0,040	 -46,258	 15,000	 
11,408	 -60,191	 0,045	 -46,240	 16,000	 
12,311	 -60,170	 0,049	 -46,228	 17,000	 
13,250	 -60,147	 0,054	 -46,209	 18,000	 
14,370	 -60,129	 0,059	 -46,191	 19,000	 
15,328	 -60,109	 0,064	 -46,179	 20,000	 
16,269	 -60,090	 0,068	 -46,160	 21,000	 
17,345	 -60,073	 0,073	 -46,147	 22,000	 
18,309	 -60,057	 0,079	 -46,134	 23,000	 
19,314	 -60,038	 0,083	 -46,119	 24,000	 
20,428	 -60,016	 0,089	 -46,104	 25,000	 
21,396	 -60,000	 0,094	 -46,090	 26,000	 
22,466	 -59,981	 0,099	 -46,072	 27,000	 
23,404	 -59,964	 0,105	 -46,056	 28,000	 
24,445	 -59,944	 0,111	 -46,039	 29,000	 
25,430	 -59,928	 0,116	 -46,023	 30,000	 
26,425	 -59,909	 0,122	 -46,011	 31,000	 
27,427	 -59,888	 0,127	 -45,995	 32,000	 
28,426	 -59,870	 0,133	 -45,980	 33,000	 
29,411	 -59,850	 0,140	 -45,959	 34,000	 
30,390	 -59,830	 0,146	 -45,949	 35,000	 
31,290	 -59,812	 0,152	 -45,936	 36,000	 
32,274	 -59,796	 0,158	 -45,921	 37,000	 
33,306	 -59,774	 0,166	 -45,904	 38,000	 
34,196	 -59,756	 0,172	 -45,887	 39,000	 
35,072	 -59,742	 0,179	 -45,875	 40,000	 
36,014	 -59,717	 0,187	 -45,856	 41,000	 
36,909	 -59,703	 0,194	 -45,841	 42,000	 
37,743	 -59,682	 0,201	 -45,826	 43,000	 
38,639	 -59,664	 0,209	 -45,811	 44,000	 
39,516	 -59,649	 0,217	 -45,794	 45,000	 
40,376	 -59,627	 0,225	 -45,783	 46,000	 
41,262	 -59,606	 0,234	 -45,767	 47,000	 
41,979	 -59,590	 0,242	 -45,752	 48,000	 
42,778	 -59,573	 0,250	 -45,736	 49,000	 
43,635	 -59,552	 0,260	 -45,720	 50,000	 
44,330	 -59,533	 0,268	 -45,706	 51,000	 
45,131	 -59,515	 0,278	 -45,695	 52,000	 
45,917	 -59,499	 0,288	 -45,676	 53,000	 
46,590	 -59,474	 0,298	 -45,662	 54,000	 
47,292	 -59,453	 0,307	 -45,645	 55,000	 
48,062	 -59,437	 0,317	 -45,632	 56,000	 
48,709	 -59,417	 0,329	 -45,614	 57,000	 
49,541	 -59,397	 0,341	 -45,600	 58,000	 
49,971	 -59,381	 0,352	 -45,584	 59,000	 
50,652	 -59,357	 0,363	 -45,568	 60,000	 
51,303	 -59,336	 0,376	 -45,551	 61,000	 
51,866	 -59,319	 0,388	 -45,535	 62,000	 
52,422	 -59,298	 0,400	 -45,514	 63,000	 
52,950	 -59,281	 0,412	 -45,501	 64,000	 
53,410	 -59,257	 0,424	 -45,486	 65,000	 
53,932	 -59,238	 0,437	 -45,467	 66,000	 
54,436	 -59,221	 0,451	 -45,456	 67,000	 
54,921	 -59,201	 0,465	 -45,440	 68,000	 
55,257	 -59,183	 0,477	 -45,424	 69,000	 
55,703	 -59,163	 0,490	 -45,408	 70,000	 
56,126	 -59,142	 0,504	 -45,392	 71,000	 
56,435	 -59,128	 0,519	 -45,378	 72,000	 
56,834	 -59,112	 0,532	 -45,364	 73,000	 
57,172	 -59,087	 0,548	 -45,348	 74,000	 
57,527	 -59,066	 0,562	 -45,332	 75,000	 
57,784	 -59,049	 0,577	 -45,315	 76,000	 
58,094	 -59,031	 0,591	 -45,301	 77,000	 
58,404	 -59,010	 0,607	 -45,285	 78,000	 
58,703	 -58,991	 0,622	 -45,270	 79,000	 
58,951	 -58,968	 0,638	 -45,258	 80,000	 
59,198	 -58,949	 0,654	 -45,244	 81,000	 
59,468	 -58,928	 0,671	 -45,226	 82,000	 
59,743	 -58,907	 0,686	 -45,212	 83,000	 
59,931	 -58,894	 0,702	 -45,200	 84,000	 
60,192	 -58,876	 0,719	 -45,179	 85,000	 
60,355	 -58,853	 0,737	 -45,169	 86,000	 
60,643	 -58,836	 0,752	 -45,150	 87,000	 
60,748	 -58,819	 0,769	 -45,137	 88,000	 
61,066	 -58,789	 0,787	 -45,117	 89,000	 
61,114	 -58,777	 0,804	 -45,101	 90,000	 
61,350	 -58,757	 0,820	 -45,088	 91,000	 
61,504	 -58,736	 0,838	 -45,072	 92,000	 
61,661	 -58,714	 0,855	 -45,058	 93,000	 
61,786	 -58,693	 0,872	 -45,044	 94,000	 
61,982	 -58,672	 0,891	 -45,031	 95,000	 
62,062	 -58,657	 0,908	 -45,013	 96,000	 
62,261	 -58,636	 0,925	 -45,000	 97,000	 
62,375	 -58,622	 0,943	 -44,985	 98,000	 
62,520	 -58,598	 0,961	 -44,970	 99,000	 
62,629	 -58,578	 0,979	 -44,952	 100,000	 
62,754	 -58,555	 0,997	 -44,935	 101,000	 
62,864	 -58,538	 1,015	 -44,919	 102,000	 
63,005	 -58,522	 1,032	 -44,904	 103,000	 
63,096	 -58,500	 1,052	 -44,888	 104,000	 
63,212	 -58,484	 1,069	 -44,874	 105,000	 
63,296	 -58,456	 1,088	 -44,858	 106,000	 
63,414	 -58,435	 1,107	 -44,841	 107,000	 
63,574	 -58,418	 1,126	 -44,830	 108,000	 
63,595	 -58,396	 1,145	 -44,816	 109,000	 
63,651	 -58,377	 1,164	 -44,796	 110,000	 
63,779	 -58,362	 1,181	 -44,781	 111,000	 
63,899	 -58,341	 1,200	 -44,767	 112,000	 
63,942	 -58,322	 1,220	 -44,749	 113,000	 
64,062	 -58,301	 1,239	 -44,736	 114,000	 
64,096	 -58,278	 1,258	 -44,718	 115,000	 
64,153	 -58,262	 1,276	 -44,705	 116,000	 
64,237	 -58,242	 1,294	 -44,690	 117,000	 
64,357	 -58,220	 1,313	 -44,674	 118,000	 
64,382	 -58,198	 1,333	 -44,660	 119,000	 
64,453	 -58,181	 1,351	 -44,642	 120,000	 
64,497	 -58,161	 1,370	 -44,630	 121,000	 
64,602	 -58,142	 1,389	 -44,614	 122,000	 
64,647	 -58,122	 1,408	 -44,599	 123,000	 
64,690	 -58,101	 1,427	 -44,585	 124,000	 
64,788	 -58,081	 1,447	 -44,569	 125,000	 
64,846	 -58,063	 1,468	 -44,554	 126,000	 
64,865	 -58,039	 1,488	 -44,534	 127,000	 
64,891	 -58,020	 1,507	 -44,519	 128,000	 
64,932	 -58,001	 1,525	 -44,502	 129,000	 
65,035	 -57,981	 1,543	 -44,486	 130,000	 
65,103	 -57,960	 1,563	 -44,475	 131,000	 
65,121	 -57,940	 1,583	 -44,457	 132,000	 
65,154	 -57,923	 1,602	 -44,440	 133,000	 
65,191	 -57,902	 1,621	 -44,431	 134,000	 
65,246	 -57,884	 1,639	 -44,413	 135,000	 
65,347	 -57,862	 1,660	 -44,400	 136,000	 
65,377	 -57,840	 1,682	 -44,383	 137,000	 
65,380	 -57,820	 1,703	 -44,366	 138,000	 
65,392	 -57,801	 1,723	 -44,348	 139,000	 
65,423	 -57,778	 0,741	 -44,332	 140,000	 
65,444	 -57,762	 0,089	 -44,321	 141,000	 
65,551	 -57,744	 0,089	 -44,304	 142,000	 
65,548	 -57,718	 0,089	 -44,292	 143,000	 
65,575	 -57,700	 0,089	 -44,275	 144,000	 
65,601	 -57,677	 0,087	 -44,260	 145,000	 
65,639	 -57,658	 0,086	 -44,241	 146,000	 
65,691	 -57,640	 0,086	 -44,227	 147,000	 
65,715	 -57,621	 0,085	 -44,212	 148,000	 
65,741	 -57,601	 0,085	 -44,197	 149,000	 
65,765	 -57,578	 0,085	 -44,181	 150,000	 
65,785	 -57,562	 0,085	 -44,168	 151,000	 
65,802	 -57,538	 0,085	 -44,150	 152,000	 
65,786	 -57,522	 0,085	 -44,137	 153,000	 
65,955	 -57,502	 0,085	 -44,121	 154,000	 
65,857	 -57,481	 0,084	 -44,104	 155,000	 
65,896	 -57,463	 0,084	 -44,087	 156,000	 
65,922	 -57,442	 0,084	 -44,074	 157,000	 
65,952	 -57,418	 0,084	 -44,057	 158,000	 
65,982	 -57,401	 0,075	 -44,044	 159,000	 
65,989	 -57,379	 0,072	 -44,027	 160,000	 
65,998	 -57,358	 0,070	 -44,014	 161,000	 
65,987	 -57,338	 0,070	 -43,997	 162,000	 
66,002	 -57,320	 0,070	 -43,983	 163,000	 
66,036	 -57,304	 0,070	 -43,968	 164,000	 
66,055	 -57,283	 0,070	 -43,955	 165,000	 
66,077	 -57,263	 0,071	 -43,938	 166,000	 
66,106	 -57,241	 0,070	 -43,921	 167,000	 
66,124	 -57,219	 0,070	 -43,908	 168,000	 
66,140	 -57,199	 0,071	 -43,892	 169,000	 
66,155	 -57,176	 0,070	 -43,874	 170,000	 
66,139	 -57,160	 0,070	 -43,861	 171,000	 
66,139	 -57,139	 0,070	 -43,846	 172,000	 
66,144	 -57,116	 0,070	 -43,828	 173,000	 
66,145	 -57,097	 0,070	 -43,813	 174,000	 
66,171	 -57,079	 0,070	 -43,798	 175,000	 
66,178	 -57,059	 0,070	 -43,785	 176,000	 
66,150	 -57,038	 0,070	 -43,767	 177,000	 
66,168	 -57,020	 0,070	 -43,752	 178,000	 
66,200	 -56,998	 0,070	 -43,738	 179,000	 
66,210	 -56,982	 0,070	 -43,723	 180,000	 
66,231	 -56,959	 0,070	 -43,708	 181,000	 
66,221	 -56,939	 0,070	 -43,697	 182,000	 
66,145	 -56,919	 0,070	 -43,679	 183,000	 
66,176	 -56,898	 0,070	 -43,662	 184,000	 
66,199	 -56,880	 0,070	 -43,649	 185,000	 
66,220	 -56,854	 0,070	 -43,632	 186,000	 
66,232	 -56,837	 0,070	 -43,620	 187,000	 
66,217	 -56,816	 0,070	 -43,600	 188,000	 
66,150	 -56,796	 0,070	 -43,585	 189,000	 
66,171	 -56,781	 0,070	 -43,561	 190,000	 
66,179	 -56,756	 0,070	 -43,548	 191,000	 
66,194	 -56,736	 0,070	 -43,533	 192,000	 
66,160	 -56,714	 0,070	 -43,516	 193,000	 
66,157	 -56,694	 0,070	 -43,503	 194,000	 
66,137	 -56,674	 0,070	 -43,487	 195,000	 
66,151	 -56,653	 0,070	 -43,471	 196,000	 
66,161	 -56,633	 0,070	 -43,458	 197,000	 
66,118	 -56,617	 0,070	 -43,442	 198,000	 
66,085	 -56,598	 0,070	 -43,429	 199,000	 
66,103	 -56,574	 0,070	 -43,410	 200,000	 
66,107	 -56,556	 0,070	 -43,399	 201,000	 
66,114	 -56,539	 0,070	 -43,381	 202,000	 
66,106	 -56,511	 0,070	 -43,364	 203,000	 
65,970	 -56,496	 0,070	 -43,350	 204,000	 
66,019	 -56,476	 0,070	 -43,333	 205,000	 
66,056	 -56,457	 0,070	 -43,320	 206,000	 
66,043	 -56,433	 0,070	 -43,305	 207,000	 
65,890	 -56,418	 0,070	 -43,290	 208,000	 
65,949	 -56,396	 0,070	 -43,276	 209,000	 
65,995	 -56,382	 0,070	 -43,260	 210,000	 
65,993	 -56,360	 0,070	 -43,245	 211,000	 
65,976	 -56,334	 0,070	 -43,228	 212,000	 
65,837	 -56,315	 0,070	 -43,217	 213,000	 
65,824	 -56,297	 0,070	 -43,201	 214,000	 
65,852	 -56,276	 0,070	 -43,186	 215,000	 
65,852	 -56,256	 0,070	 -43,169	 216,000	 
65,858	 -56,233	 0,070	 -43,155	 217,000	 
65,749	 -56,214	 0,070	 -43,138	 218,000	 
65,763	 -56,193	 0,070	 -43,123	 219,000	 
65,774	 -56,176	 0,070	 -43,107	 220,000	 
65,670	 -56,156	 0,070	 -43,093	 221,000	 
65,698	 -56,133	 0,070	 -43,076	 222,000	 
65,699	 -56,116	 0,070	 -43,062	 223,000	 
65,626	 -56,094	 0,070	 -43,044	 224,000	 
65,593	 -56,075	 0,071	 -43,029	 225,000	 
65,623	 -56,053	 0,070	 -43,015	 226,000	 
65,607	 -56,030	 0,070	 -43,000	 227,000	 
65,563	 -56,010	 0,070	 -42,985	 228,000	 
65,443	 -55,991	 0,069	 -42,968	 229,000	 
65,480	 -55,969	 0,069	 -42,947	 230,000	 
65,489	 -55,952	 0,070	 -42,937	 231,000	 
65,412	 -55,931	 0,070	 -42,923	 232,000	 
65,349	 -55,911	 0,070	 -42,907	 233,000	 
65,370	 -55,895	 0,070	 -42,893	 234,000	 
65,364	 -55,872	 0,070	 -42,882	 235,000	 
65,189	 -55,853	 0,070	 -42,859	 236,000	 
65,280	 -55,838	 0,070	 -42,847	 237,000	 
65,323	 -55,815	 0,070	 -42,833	 238,000	 
65,281	 -55,794	 0,070	 -42,813	 239,000	 
64,909	 -55,778	 0,070	 -42,798	 240,000	 
65,090	 -55,760	 0,070	 -42,783	 241,000	 
65,178	 -55,738	 0,070	 -42,766	 242,000	 
65,151	 -55,714	 0,070	 -42,754	 243,000	 
64,940	 -55,693	 0,070	 -42,739	 244,000	 
64,950	 -55,669	 0,070	 -42,722	 245,000	 
64,933	 -55,652	 0,070	 -42,710	 246,000	 
64,764	 -55,632	 0,070	 -42,695	 247,000	 
64,832	 -55,610	 0,070	 -42,677	 248,000	 
64,864	 -55,593	 0,070	 -42,661	 249,000	 
64,852	 -55,568	 0,070	 -42,648	 250,000	 
64,770	 -55,549	 0,070	 -42,631	 251,000	 
64,632	 -55,537	 0,070	 -42,619	 252,000	 
64,629	 -55,506	 0,070	 -42,603	 253,000	 
64,589	 -55,489	 0,070	 -42,584	 254,000	 
64,545	 -55,468	 0,070	 -42,565	 255,000	 
64,531	 -55,447	 0,070	 -42,554	 256,000	 
64,450	 -55,429	 0,070	 -42,537	 257,000	 
64,392	 -55,412	 0,070	 -42,522	 258,000	 
64,376	 -55,390	 0,070	 -42,505	 259,000	 
64,345	 -55,369	 0,070	 -42,487	 260,000	 
64,191	 -55,349	 0,070	 -42,473	 261,000	 
64,231	 -55,331	 0,070	 -42,459	 262,000	 
64,227	 -55,313	 0,070	 -42,441	 263,000	 
64,181	 -55,287	 0,070	 -42,430	 264,000	 
64,021	 -55,271	 0,070	 -42,416	 265,000	 
63,978	 -55,247	 0,070	 -42,399	 266,000	 
63,960	 -55,225	 0,070	 -42,384	 267,000	 
63,867	 -55,207	 0,070	 -42,370	 268,000	 
63,818	 -55,187	 0,069	 -42,356	 269,000	 
63,810	 -55,172	 0,070	 -42,340	 270,000	 
63,764	 -55,146	 0,070	 -42,323	 271,000	 
63,554	 -55,126	 0,070	 -42,309	 272,000	 
63,574	 -55,107	 0,070	 -42,290	 273,000	 
63,577	 -55,089	 0,070	 -42,274	 274,000	 
63,545	 -55,069	 0,069	 -42,258	 275,000	 
63,427	 -55,045	 0,070	 -42,246	 276,000	 
63,306	 -55,028	 0,070	 -42,227	 277,000	 
63,267	 -55,004	 0,070	 -42,213	 278,000	 
63,135	 -54,989	 0,070	 -42,198	 279,000	 
63,133	 -54,970	 0,070	 -42,183	 280,000	 
63,129	 -54,947	 0,070	 -42,168	 281,000	 
63,090	 -54,922	 0,070	 -42,154	 282,000	 
62,917	 -54,901	 0,070	 -42,139	 283,000	 
62,849	 -54,882	 0,070	 -42,122	 284,000	 
62,759	 -54,868	 0,070	 -42,109	 285,000	 
62,722	 -54,845	 0,070	 -42,093	 286,000	 
62,663	 -54,825	 0,070	 -42,082	 287,000	 
62,556	 -54,804	 0,070	 -42,064	 288,000	 
62,454	 -54,781	 0,070	 -42,047	 289,000	 
62,418	 -54,764	 0,070	 -42,031	 290,000	 
62,267	 -54,743	 0,070	 -42,016	 291,000	 
62,260	 -54,725	 0,070	 -42,001	 292,000	 
62,172	 -54,704	 0,070	 -41,983	 293,000	 
62,070	 -54,685	 0,070	 -41,969	 294,000	 
61,961	 -54,661	 0,070	 -41,955	 295,000	 
61,920	 -54,648	 0,069	 -41,941	 296,000	 
61,714	 -54,627	 0,070	 -41,923	 297,000	 
61,691	 -54,609	 0,070	 -41,909	 298,000	 
61,696	 -54,588	 0,071	 -41,893	 299,000	 
61,628	 -54,562	 0,070	 -41,878	 300,000	 
61,442	 -54,539	 0,070	 -41,860	 301,000	 
61,298	 -54,522	 0,070	 -41,846	 302,000	 
61,249	 -54,500	 0,070	 -41,832	 303,000	 
61,165	 -54,481	 0,070	 -41,819	 304,000	 
61,062	 -54,461	 0,070	 -41,804	 305,000	 
60,901	 -54,441	 0,070	 -41,787	 306,000	 
60,890	 -54,420	 0,070	 -41,773	 307,000	 
60,828	 -54,400	 0,070	 -41,755	 308,000	 
60,624	 -54,382	 0,070	 -41,741	 309,000	 
60,589	 -54,361	 0,070	 -41,729	 310,000	 
60,321	 -54,343	 0,070	 -41,711	 311,000	 
60,322	 -54,326	 0,070	 -41,697	 312,000	 
60,272	 -54,300	 0,070	 -41,679	 313,000	 
60,014	 -54,281	 0,070	 -41,664	 314,000	 
60,002	 -54,260	 0,070	 -41,644	 315,000	 
59,889	 -54,238	 0,070	 -41,629	 316,000	 
59,658	 -54,219	 0,070	 -41,607	 317,000	 
59,660	 -54,197	 0,070	 -41,597	 318,000	 
59,592	 -54,178	 0,070	 -41,581	 319,000	 
59,319	 -54,162	 0,070	 -41,565	 320,000	 
59,321	 -54,140	 0,070	 -41,553	 321,000	 
59,240	 -54,116	 0,069	 -41,536	 322,000	 
58,945	 -54,095	 0,070	 -41,523	 323,000	 
58,747	 -54,080	 0,070	 -41,505	 324,000	 
58,742	 -54,061	 0,070	 -41,494	 325,000	 
58,626	 -54,037	 0,070	 -41,477	 326,000	 
58,418	 -54,020	 0,070	 -41,465	 327,000	 
58,283	 -53,996	 0,070	 -41,445	 328,000	 
58,234	 -53,976	 0,070	 -41,429	 329,000	 
57,995	 -53,955	 0,070	 -41,416	 330,000	 
57,822	 -53,938	 0,070	 -41,399	 331,000	 
57,792	 -53,917	 0,070	 -41,385	 332,000	 
57,516	 -53,894	 0,070	 -41,365	 333,000	 
57,389	 -53,877	 0,070	 -41,355	 334,000	 
57,223	 -53,853	 0,070	 -41,337	 335,000	 
56,978	 -53,832	 0,070	 -41,322	 336,000	 
56,971	 -53,813	 0,070	 -41,308	 337,000	 
56,830	 -53,789	 0,070	 -41,293	 338,000	 
56,592	 -53,772	 0,070	 -41,279	 339,000	 
56,427	 -53,750	 0,070	 -41,267	 340,000	 
56,170	 -53,735	 0,070	 -41,249	 341,000	 
56,145	 -53,715	 0,070	 -41,233	 342,000	 
55,850	 -53,692	 0,070	 -41,219	 343,000	 
0,012	 -53,610	 0,073	 -41,201	 344,000	 
-0,005	 -53,599	 0,072	 -41,187	 345,000	 
-0,003	 -53,579	 0,072	 -41,172	 346,000	 
-0,003	 -53,559	 0,072	 -41,153	 347,000	 
0,001	 -53,536	 0,072	 -41,141	 348,000	 
-0,001	 -53,518	 0,072	 -41,124	 349,000	 
0,001	 -53,496	 0,072	 -41,111	 350,000	 
