WORKSHOP 3 EXPORTED DATA: [C:\Documents and Settings\Administrator\Pulpit\Rozciaganie\w6_2.W01 - 1]					
*************************************************************************************************					
Source of data: ScriptPl					
WS3 File Version: 1,05					
Number of bytes in subfile: 10107					
Total number of data points: 480					
Test date: 30-01-2018					
Test time: 17:32:26					
Player Step: 1					
Step Capture No: 1					
Actuator: 1					
*************************************************************************************************					
Actuator: 1  Channel:0	 Actuator: 1  Channel:1	 Actuator: 1  Channel:2	 Actuator: 1  Channel:3	 Actuator: 1  Channel:4	 
Load (kN)	 Stroke (mm)	 Extension (mm)	 Command (%)	 Time (s)	 
0,005	-62,572	-1,164	-48,086	0	 
0,017	-62,557	-1,162	-48,069	1	 
0,036	-62,525	-1,160	-48,055	2	 
0,039	-62,509	-1,159	-48,039	3	 
0,039	-62,495	-1,157	-48,026	4	 
0,039	-62,475	-1,154	-48,009	5	 
0,041	-62,453	-1,153	-47,994	6	 
0,041	-62,433	-1,152	-47,980	7	 
0,047	-62,419	-1,150	-47,964	8	 
0,042	-62,397	-1,148	-47,948	9	 
0,046	-62,376	-1,147	-47,935	10	 
0,048	-62,358	-1,146	-47,916	11	 
0,050	-62,340	-1,144	-47,904	12	 
0,054	-62,319	-1,142	-47,887	13	 
0,056	-62,298	-1,141	-47,875	14	 
0,058	-62,276	-1,139	-47,855	15	 
0,062	-62,256	-1,138	-47,845	16	 
0,064	-62,240	-1,136	-47,825	17	 
0,065	-62,213	-1,135	-47,811	18	 
0,065	-62,193	-1,133	-47,797	19	 
0,071	-62,176	-1,132	-47,779	20	 
0,072	-62,160	-1,131	-47,759	21	 
0,068	-62,141	-1,130	-47,751	22	 
0,075	-62,116	-1,127	-47,737	23	 
0,074	-62,100	-1,126	-47,718	24	 
0,074	-62,081	-1,124	-47,702	25	 
0,074	-62,058	-1,123	-47,691	26	 
0,078	-62,041	-1,121	-47,674	27	 
0,081	-62,016	-1,120	-47,656	28	 
0,082	-61,995	-1,119	-47,641	29	 
0,085	-61,977	-1,117	-47,630	30	 
0,085	-61,960	-1,116	-47,611	31	 
0,089	-61,939	-1,114	-47,595	32	 
0,087	-61,919	-1,113	-47,583	33	 
0,091	-61,899	-1,111	-47,568	34	 
0,098	-61,881	-1,110	-47,551	35	 
0,096	-61,858	-1,108	-47,537	36	 
0,104	-61,840	-1,107	-47,524	37	 
0,107	-61,822	-1,105	-47,503	38	 
0,116	-61,801	-1,104	-47,489	39	 
0,129	-61,778	-1,102	-47,468	40	 
0,142	-61,761	-1,101	-47,454	41	 
0,165	-61,742	-1,099	-47,438	42	 
0,206	-61,718	-1,098	-47,420	43	 
0,288	-61,699	-1,096	-47,408	44	 
0,373	-61,683	-1,095	-47,388	45	 
0,557	-61,663	-1,093	-47,377	46	 
0,854	-61,642	-1,092	-47,361	47	 
1,325	-61,622	-1,090	-47,349	48	 
1,806	-61,605	-1,089	-47,330	49	 
2,249	-61,587	-1,087	-47,316	50	 
2,851	-61,571	-1,086	-47,300	51	 
3,558	-61,549	-1,084	-47,283	52	 
4,326	-61,534	-1,083	-47,270	53	 
5,088	-61,509	-1,081	-47,257	54	 
5,926	-61,492	-1,080	-47,236	55	 
6,812	-61,475	-1,077	-47,225	56	 
7,741	-61,453	-1,077	-47,207	57	 
8,645	-61,437	-1,075	-47,196	58	 
9,599	-61,420	-1,072	-47,178	59	 
10,607	-61,399	-1,070	-47,163	60	 
11,582	-61,382	-1,067	-47,147	61	 
12,701	-61,361	-1,066	-47,132	62	 
13,632	-61,347	-1,064	-47,115	63	 
14,623	-61,328	-1,062	-47,102	64	 
15,680	-61,306	-1,061	-47,091	65	 
16,669	-61,291	-1,059	-47,074	66	 
17,733	-61,271	-1,057	-47,060	67	 
18,778	-61,250	-1,055	-47,043	68	 
19,843	-61,232	-1,053	-47,025	69	 
20,818	-61,219	-1,050	-47,011	70	 
21,826	-61,195	-1,048	-46,996	71	 
22,732	-61,178	-1,045	-46,978	72	 
23,743	-61,164	-1,042	-46,963	73	 
24,725	-61,141	-1,040	-46,947	74	 
25,699	-61,122	-1,038	-46,936	75	 
26,546	-61,104	-1,033	-46,920	76	 
27,491	-61,085	-1,031	-46,903	77	 
28,376	-61,065	-1,026	-46,890	78	 
29,323	-61,047	-1,020	-46,873	79	 
30,213	-61,029	-1,011	-46,856	80	 
31,034	-61,009	-1,004	-46,843	81	 
31,869	-60,992	-0,998	-46,826	82	 
32,664	-60,974	-0,992	-46,811	83	 
33,380	-60,953	-0,985	-46,793	84	 
34,181	-60,933	-0,976	-46,781	85	 
35,177	-60,911	-0,968	-46,760	86	 
35,630	-60,893	-0,960	-46,749	87	 
36,376	-60,875	-0,953	-46,734	88	 
37,032	-60,855	-0,943	-46,718	89	 
37,663	-60,840	-0,934	-46,699	90	 
38,283	-60,819	-0,925	-46,688	91	 
38,897	-60,800	-0,914	-46,673	92	 
39,457	-60,782	-0,901	-46,657	93	 
39,958	-60,758	-0,890	-46,639	94	 
40,496	-60,738	-0,881	-46,629	95	 
40,977	-60,721	-0,868	-46,609	96	 
41,458	-60,706	-0,854	-46,594	97	 
41,871	-60,685	-0,844	-46,581	98	 
42,314	-60,662	-0,832	-46,567	99	 
42,787	-60,644	-0,820	-46,549	100	 
43,051	-60,627	-0,804	-46,536	101	 
43,465	-60,606	-0,791	-46,521	102	 
43,804	-60,587	-0,775	-46,500	103	 
44,174	-60,568	-0,759	-46,486	104	 
44,486	-60,544	-0,745	-46,470	105	 
44,758	-60,526	-0,729	-46,457	106	 
45,059	-60,509	-0,714	-46,438	107	 
45,365	-60,486	-0,699	-46,425	108	 
45,562	-60,467	-0,683	-46,411	109	 
45,858	-60,449	-0,667	-46,392	110	 
46,088	-60,430	-0,652	-46,381	111	 
46,303	-60,408	-0,637	-46,366	112	 
46,540	-60,389	-0,620	-46,350	113	 
46,776	-60,369	-0,605	-46,334	114	 
46,944	-60,346	-0,587	-46,320	115	 
47,191	-60,326	-0,571	-46,303	116	 
47,322	-60,310	-0,553	-46,291	117	 
47,592	-60,285	-0,540	-46,274	118	 
47,725	-60,264	-0,526	-46,259	119	 
47,817	-60,248	-0,512	-46,241	120	 
48,110	-60,231	-0,495	-46,230	121	 
48,255	-60,209	-0,477	-46,212	122	 
48,327	-60,187	-0,463	-46,197	123	 
48,434	-60,171	-0,454	-46,177	124	 
48,781	-60,142	-0,441	-46,160	125	 
48,836	-60,123	-0,425	-46,152	126	 
48,903	-60,106	-0,412	-46,134	127	 
48,993	-60,090	-0,401	-46,116	128	 
49,365	-60,066	-0,389	-46,101	129	 
49,404	-60,045	-0,373	-46,083	130	 
49,458	-60,027	-0,355	-46,072	131	 
49,532	-60,006	-0,338	-46,055	132	 
49,713	-59,994	-0,321	-46,038	133	 
49,877	-59,972	-0,294	-46,024	134	 
49,956	-59,954	-0,274	-46,013	135	 
50,077	-59,934	-0,254	-45,995	136	 
50,168	-59,914	-0,237	-45,977	137	 
50,247	-59,893	-0,221	-45,965	138	 
50,583	-59,858	-0,188	-45,949	139	 
50,338	-59,846	-0,167	-45,933	140	 
50,420	-59,825	-0,151	-45,919	141	 
50,569	-59,816	-0,138	-45,906	142	 
50,888	-59,790	-0,123	-45,888	143	 
50,935	-59,766	-0,110	-45,871	144	 
50,974	-59,750	-0,097	-45,860	145	 
51,045	-59,734	-0,083	-45,839	146	 
51,196	-59,710	-0,066	-45,826	147	 
51,228	-59,689	-0,050	-45,816	148	 
51,277	-59,678	-0,033	-45,797	149	 
51,455	-59,652	-0,011	-45,783	150	 
51,513	-59,634	0,012	-45,772	151	 
51,555	-59,616	0,031	-45,750	152	 
51,613	-59,595	0,047	-45,737	153	 
51,772	-59,573	0,065	-45,722	154	 
51,798	-59,559	0,084	-45,706	155	 
51,873	-59,536	0,101	-45,695	156	 
51,962	-59,517	0,117	-45,672	157	 
52,037	-59,495	0,134	-45,662	158	 
52,092	-59,478	0,152	-45,643	159	 
52,149	-59,454	0,172	-45,628	160	 
52,263	-59,437	0,190	-45,614	161	 
52,372	-59,414	0,207	-45,599	162	 
52,394	-59,390	0,228	-45,584	163	 
52,423	-59,371	0,247	-45,569	164	 
52,460	-59,353	0,258	-45,552	165	 
52,506	-59,333	0,264	-45,537	166	 
52,686	-59,318	0,270	-45,519	167	 
52,867	-59,282	0,283	-45,496	168	 
52,639	-59,263	0,300	-45,486	169	 
52,688	-59,249	0,312	-45,469	170	 
52,750	-59,235	0,323	-45,452	171	 
52,827	-59,217	0,333	-45,437	172	 
53,076	-59,198	0,343	-45,424	173	 
53,122	-59,183	0,356	-45,408	174	 
53,146	-59,161	0,370	-45,398	175	 
53,176	-59,135	0,385	-45,379	176	 
53,205	-59,120	0,402	-45,364	177	 
53,244	-59,099	0,422	-45,351	178	 
53,323	-59,077	0,474	-45,333	179	 
53,372	-59,062	0,497	-45,315	180	 
53,437	-59,039	0,516	-45,299	181	 
53,493	-59,014	0,539	-45,289	182	 
53,519	-58,998	0,559	-45,268	183	 
53,540	-58,978	0,583	-45,256	184	 
53,571	-58,953	0,601	-45,244	185	 
53,604	-58,939	0,618	-45,226	186	 
53,646	-58,923	0,635	-45,213	187	 
53,855	-58,897	0,654	-45,198	188	 
53,873	-58,875	0,677	-45,180	189	 
53,862	-58,851	0,700	-45,167	190	 
53,867	-58,827	0,721	-45,149	191	 
53,889	-58,808	0,739	-45,134	192	 
53,915	-58,787	0,756	-45,120	193	 
53,946	-58,770	0,774	-45,107	194	 
53,983	-58,756	0,795	-45,091	195	 
54,040	-58,736	0,817	-45,073	196	 
54,082	-58,719	0,840	-45,061	197	 
54,127	-58,703	0,861	-45,040	198	 
54,192	-58,684	0,875	-45,025	199	 
54,317	-58,665	0,887	-45,013	200	 
54,334	-58,643	0,900	-44,994	201	 
54,336	-58,615	0,910	-44,981	202	 
54,339	-58,594	0,921	-44,968	203	 
54,351	-58,576	0,931	-44,952	204	 
54,368	-58,552	0,942	-44,933	205	 
54,400	-58,536	0,958	-44,923	206	 
54,428	-58,518	0,973	-44,908	207	 
54,453	-58,497	0,989	-44,892	208	 
54,486	-58,482	1,006	-44,876	209	 
54,519	-58,467	1,024	-44,855	210	 
54,660	-58,440	1,046	-44,842	211	 
54,697	-58,422	1,102	-44,828	212	 
54,700	-58,401	1,144	-44,811	213	 
54,702	-58,374	1,179	-44,793	214	 
54,711	-58,353	1,212	-44,783	215	 
54,712	-58,334	1,239	-44,764	216	 
54,739	-58,311	1,267	-44,751	217	 
54,761	-58,295	1,287	-44,738	218	 
54,785	-58,274	1,312	-44,719	219	 
54,814	-58,253	1,338	-44,705	220	 
54,840	-58,242	1,359	-44,689	221	 
54,873	-58,221	1,378	-44,673	222	 
54,910	-58,203	1,398	-44,659	223	 
54,942	-58,186	1,426	-44,643	224	 
54,967	-58,163	1,465	-44,628	225	 
55,143	-58,142	1,501	-44,613	226	 
55,122	-58,113	1,540	-44,595	227	 
55,093	-58,087	1,563	-44,583	228	 
55,055	-58,063	1,595	-44,567	229	 
54,958	-58,045	1,632	-44,554	230	 
54,990	-58,024	1,652	-44,532	231	 
55,027	-58,011	1,667	-44,520	232	 
55,070	-57,997	1,678	-44,502	233	 
55,115	-57,978	1,690	-44,486	234	 
55,220	-57,963	1,704	-44,475	235	 
55,276	-57,943	1,725	-44,458	236	 
55,300	-57,923	1,745	-44,442	237	 
55,306	-57,902	1,763	-44,424	238	 
55,322	-57,879	1,794	-44,410	239	 
55,332	-57,860	1,832	-44,398	240	 
55,330	-57,838	1,866	-44,381	241	 
55,344	-57,812	1,905	-44,365	242	 
55,352	-57,788	1,942	-44,351	243	 
55,365	-57,770	1,972	-44,335	244	 
55,374	-57,747	1,992	-44,324	245	 
55,395	-57,727	2,011	-44,304	246	 
55,403	-57,708	2,038	-44,289	247	 
55,422	-57,682	2,072	-44,275	248	 
55,443	-57,666	2,097	-44,259	249	 
55,461	-57,651	2,117	-44,243	250	 
55,488	-57,623	2,135	-44,227	251	 
55,501	-57,606	2,149	-44,207	252	 
55,521	-57,591	2,166	-44,194	253	 
55,536	-57,570	2,191	-44,181	254	 
55,558	-57,548	2,234	-44,168	255	 
55,574	-57,531	2,261	-44,152	256	 
55,589	-57,508	2,287	-44,139	257	 
55,606	-57,491	2,851	-44,120	258	 
55,625	-57,467	3,764	-44,102	259	 
55,642	-57,448	3,979	-44,090	260	 
55,653	-57,426	4,002	-44,068	261	 
55,669	-57,406	4,024	-44,058	262	 
55,674	-57,380	4,046	-44,043	263	 
55,672	-57,361	4,068	-44,025	264	 
55,672	-57,341	4,089	-44,014	265	 
55,685	-57,322	4,109	-43,996	266	 
55,703	-57,301	3,566	-43,980	267	 
55,714	-57,281	1,772	-43,969	268	 
55,731	-57,263	1,400	-43,950	269	 
55,747	-57,242	0,773	-43,938	270	 
55,765	-57,222	0,570	-43,921	271	 
55,780	-57,204	0,569	-43,905	272	 
55,791	-57,179	0,569	-43,890	273	 
55,801	-57,162	0,569	-43,878	274	 
55,756	-57,144	0,569	-43,860	275	 
55,782	-57,121	0,570	-43,849	276	 
55,802	-57,105	0,560	-43,832	277	 
55,827	-57,087	0,557	-43,814	278	 
55,845	-57,072	0,555	-43,802	279	 
55,869	-57,048	0,555	-43,782	280	 
55,878	-57,029	0,555	-43,766	281	 
55,891	-57,006	0,555	-43,754	282	 
55,907	-56,982	0,555	-43,737	283	 
55,920	-56,968	0,555	-43,723	284	 
55,928	-56,943	0,555	-43,708	285	 
55,898	-56,918	0,555	-43,692	286	 
55,868	-56,901	0,555	-43,677	287	 
55,844	-56,880	0,555	-43,662	288	 
55,870	-56,862	0,556	-43,648	289	 
55,905	-56,847	0,555	-43,631	290	 
55,927	-56,828	0,555	-43,614	291	 
55,948	-56,809	0,555	-43,604	292	 
55,972	-56,792	0,555	-43,588	293	 
55,990	-56,771	0,555	-43,565	294	 
56,005	-56,749	0,555	-43,552	295	 
56,018	-56,728	0,555	-43,533	296	 
56,027	-56,707	0,555	-43,517	297	 
56,032	-56,683	0,556	-43,504	298	 
56,014	-56,661	0,556	-43,487	299	 
55,878	-56,640	0,555	-43,471	300	 
55,903	-56,626	0,556	-43,459	301	 
55,936	-56,612	0,555	-43,443	302	 
55,968	-56,592	0,555	-43,425	303	 
56,000	-56,571	0,555	-43,414	304	 
56,031	-56,559	0,555	-43,399	305	 
56,055	-56,538	0,555	-43,377	306	 
56,072	-56,517	0,555	-43,365	307	 
56,082	-56,499	0,555	-43,354	308	 
56,097	-56,476	0,556	-43,334	309	 
56,112	-56,448	0,556	-43,322	310	 
56,111	-56,426	0,555	-43,308	311	 
56,104	-56,401	0,556	-43,289	312	 
55,950	-56,382	0,555	-43,276	313	 
55,859	-56,366	0,556	-43,259	314	 
55,908	-56,351	0,555	-43,244	315	 
55,957	-56,334	0,555	-43,228	316	 
56,010	-56,320	0,555	-43,211	317	 
56,060	-56,308	0,556	-43,201	318	 
56,148	-56,285	0,555	-43,186	319	 
56,175	-56,264	0,556	-43,167	320	 
56,181	-56,239	0,555	-43,152	321	 
56,170	-56,214	0,556	-43,138	322	 
56,159	-56,186	0,556	-43,123	323	 
56,135	-56,165	0,555	-43,105	324	 
56,090	-56,137	0,556	-43,094	325	 
55,940	-56,114	0,555	-43,077	326	 
55,941	-56,103	0,556	-43,061	327	 
55,969	-56,084	0,555	-43,045	328	 
56,004	-56,066	0,556	-43,030	329	 
56,035	-56,058	0,556	-43,013	330	 
56,071	-56,037	0,556	-43,000	331	 
56,101	-56,017	0,556	-42,985	332	 
56,120	-55,998	0,556	-42,970	333	 
56,134	-55,976	0,555	-42,955	334	 
56,147	-55,955	0,556	-42,942	335	 
56,156	-55,934	0,556	-42,924	336	 
56,158	-55,910	0,555	-42,903	337	 
56,148	-55,883	0,556	-42,891	338	 
56,133	-55,860	0,556	-42,875	339	 
56,098	-55,838	0,556	-42,860	340	 
55,873	-55,818	0,555	-42,849	341	 
55,909	-55,806	0,555	-42,828	342	 
55,947	-55,793	0,556	-42,814	343	 
55,986	-55,774	0,556	-42,798	344	 
56,028	-55,762	0,556	-42,783	345	 
56,072	-55,743	0,555	-42,768	346	 
56,154	-55,722	0,555	-42,752	347	 
56,159	-55,700	0,556	-42,740	348	 
56,157	-55,683	0,556	-42,717	349	 
56,139	-55,655	0,556	-42,709	350	 
56,121	-55,632	0,555	-42,695	351	 
56,085	-55,607	0,556	-42,678	352	 
56,040	-55,577	0,556	-42,661	353	 
55,977	-55,554	0,556	-42,647	354	 
55,721	-55,546	0,556	-42,632	355	 
55,771	-55,528	0,556	-42,614	356	 
55,828	-55,517	0,556	-42,602	357	 
55,911	-55,505	0,555	-42,586	358	 
56,136	-55,484	0,555	-42,565	359	 
56,129	-55,459	0,556	-42,552	360	 
56,103	-55,433	0,556	-42,536	361	 
56,066	-55,409	0,556	-42,520	362	 
56,022	-55,378	0,556	-42,505	363	 
55,958	-55,353	0,555	-42,486	364	 
55,883	-55,334	0,555	-42,476	365	 
55,738	-55,313	0,556	-42,460	366	 
55,771	-55,299	0,556	-42,444	367	 
55,796	-55,285	0,556	-42,432	368	 
55,821	-55,269	0,556	-42,415	369	 
55,861	-55,251	0,556	-42,400	370	 
55,873	-55,236	0,556	-42,382	371	 
55,879	-55,221	0,555	-42,373	372	 
55,898	-55,199	0,556	-42,355	373	 
55,898	-55,180	0,556	-42,339	374	 
55,896	-55,156	0,555	-42,324	375	 
55,881	-55,130	0,556	-42,306	376	 
55,859	-55,110	0,556	-42,297	377	 
55,823	-55,082	0,556	-42,278	378	 
55,771	-55,058	0,556	-42,259	379	 
55,576	-55,035	0,556	-42,242	380	 
55,430	-55,021	0,555	-42,227	381	 
55,474	-55,007	0,556	-42,213	382	 
55,528	-54,995	0,556	-42,198	383	 
55,580	-54,979	0,555	-42,181	384	 
55,655	-54,963	0,555	-42,170	385	 
55,740	-54,943	0,555	-42,152	386	 
55,767	-54,923	0,556	-42,135	387	 
55,718	-54,892	0,556	-42,119	388	 
55,659	-54,862	0,556	-42,106	389	 
55,565	-54,836	0,555	-42,091	390	 
55,257	-54,807	0,556	-42,069	391	 
55,122	-54,796	0,556	-42,060	392	 
55,166	-54,785	0,556	-42,046	393	 
55,239	-54,772	0,556	-42,028	394	 
55,312	-54,762	0,556	-42,016	395	 
55,433	-54,743	0,556	-41,997	396	 
55,545	-54,721	0,556	-41,981	397	 
55,489	-54,693	0,556	-41,970	398	 
55,390	-54,665	0,556	-41,954	399	 
55,287	-54,631	0,556	-41,938	400	 
55,032	-54,611	0,556	-41,927	401	 
55,024	-54,595	0,556	-41,904	402	 
55,053	-54,574	0,556	-41,893	403	 
55,053	-54,556	0,556	-41,883	404	 
55,052	-54,538	0,556	-41,862	405	 
55,050	-54,512	0,555	-41,844	406	 
55,041	-54,492	0,555	-41,832	407	 
54,972	-54,468	0,556	-41,817	408	 
54,767	-54,453	0,556	-41,801	409	 
54,780	-54,433	0,556	-41,788	410	 
54,796	-54,418	0,556	-41,773	411	 
54,811	-54,404	0,555	-41,753	412	 
54,826	-54,381	0,555	-41,742	413	 
54,797	-54,362	0,556	-41,724	414	 
54,773	-54,339	0,555	-41,708	415	 
54,717	-54,313	0,556	-41,698	416	 
54,240	-54,293	0,556	-41,681	417	 
54,249	-54,282	0,556	-41,664	418	 
54,314	-54,269	0,556	-41,652	419	 
54,388	-54,258	0,556	-41,636	420	 
54,504	-54,243	0,556	-41,620	421	 
54,598	-54,218	0,556	-41,596	422	 
54,522	-54,190	0,556	-41,580	423	 
54,401	-54,163	0,556	-41,564	424	 
54,235	-54,124	0,556	-41,550	425	 
53,827	-54,113	0,556	-41,536	426	 
53,888	-54,097	0,556	-41,521	427	 
53,912	-54,077	0,556	-41,504	428	 
53,927	-54,065	0,556	-41,491	429	 
53,930	-54,048	0,556	-41,476	430	 
53,941	-54,030	0,555	-41,460	431	 
53,920	-54,010	0,556	-41,445	432	 
53,895	-53,988	0,556	-41,427	433	 
53,847	-53,959	0,556	-41,416	434	 
53,689	-53,929	0,556	-41,402	435	 
53,032	-53,929	0,556	-41,388	436	 
53,124	-53,917	0,556	-41,365	437	 
53,534	-53,897	0,556	-41,355	438	 
53,569	-53,880	0,556	-41,338	439	 
53,509	-53,850	0,556	-41,322	440	 
53,393	-53,820	0,556	-41,311	441	 
53,198	-53,789	0,556	-41,293	442	 
52,802	-53,771	0,556	-41,276	443	 
52,828	-53,757	0,556	-41,262	444	 
52,847	-53,741	0,556	-41,245	445	 
52,860	-53,722	0,556	-41,233	446	 
52,837	-53,702	0,556	-41,217	447	 
52,843	-53,686	0,556	-41,202	448	 
52,773	-53,658	0,556	-41,186	449	 
52,659	-53,630	0,556	-41,173	450	 
51,962	-53,623	0,556	-41,157	451	 
52,083	-53,612	0,556	-41,140	452	 
52,363	-53,596	0,556	-41,127	453	 
52,504	-53,577	0,555	-41,113	454	 
52,438	-53,549	0,556	-41,094	455	 
52,214	-53,511	0,556	-41,080	456	 
51,307	-53,502	0,556	-41,065	457	 
51,421	-53,489	0,556	-41,048	458	 
51,688	-53,475	0,556	-41,037	459	 
51,947	-53,459	0,556	-41,018	460	 
51,885	-53,433	0,556	-41,005	461	 
51,671	-53,393	0,555	-40,988	462	 
51,031	-53,371	0,556	-40,970	463	 
51,041	-53,359	0,556	-40,953	464	 
51,088	-53,341	0,556	-40,939	465	 
51,132	-53,320	0,556	-40,921	466	 
51,137	-53,307	0,556	-40,904	467	 
51,097	-53,285	0,556	-40,894	468	 
50,985	-53,257	0,556	-40,877	469	 
50,187	-53,241	0,556	-40,861	470	 
50,057	-53,227	0,556	-40,850	471	 
50,359	-53,211	0,556	-40,832	472	 
50,635	-53,196	0,556	-40,817	473	 
50,545	-53,167	0,556	-40,799	474	 
50,159	-53,129	0,556	-40,786	475	 
0,008	-53,070	0,562	-40,769	476	 
0,004	-53,043	0,562	-40,756	477	 
0,006	-53,030	0,562	-40,743	478	 
0,006	-53,011	0,562	-40,726	479	 
