WORKSHOP 3 EXPORTED DATA: [C:\Documents and Settings\Administrator\Pulpit\Rozciaganie\w5_1_1.W01 - 1]
*************************************************************************************************
Source of data: ScriptPl
WS3 File Version: 1,05
Number of bytes in subfile: 14187
Total number of data points: 684
Test date: 30-01-2018
Test time: 15:53:05
Player Step: 1
Step Capture No: 1
Actuator: 1
*************************************************************************************************
Actuator: 1  Channel:0	 Actuator: 1  Channel:1	 Actuator: 1  Channel:2	 Actuator: 1  Channel:3	 Actuator: 1  Channel:4	 
Load (kN)	 Stroke (mm)	 Extension (mm)	 Command (%)	 Time (s)	 
0,200	 -50,577	 0,000	 -38,869	 0,000	 
0,396	 -50,560	 0,000	 -38,858	 1,000	 
0,426	 -50,551	 0,000	 -38,852	 2,000	 
0,446	 -50,537	 0,000	 -38,850	 3,000	 
0,447	 -50,529	 0,000	 -38,837	 4,000	 
0,446	 -50,520	 0,000	 -38,833	 5,000	 
0,444	 -50,510	 0,000	 -38,822	 6,000	 
0,446	 -50,500	 0,000	 -38,816	 7,000	 
0,448	 -50,489	 0,000	 -38,809	 8,000	 
0,445	 -50,480	 0,000	 -38,802	 9,000	 
0,446	 -50,471	 0,000	 -38,795	 10,000	 
0,446	 -50,462	 0,000	 -38,786	 11,000	 
0,444	 -50,449	 0,000	 -38,779	 12,000	 
0,446	 -50,437	 0,000	 -38,772	 13,000	 
0,446	 -50,433	 0,000	 -38,763	 14,000	 
0,446	 -50,421	 0,000	 -38,755	 15,000	 
0,442	 -50,414	 0,000	 -38,744	 16,000	 
0,446	 -50,399	 0,000	 -38,738	 17,000	 
0,449	 -50,392	 0,000	 -38,730	 18,000	 
0,445	 -50,380	 0,000	 -38,723	 19,000	 
0,446	 -50,371	 0,000	 -38,716	 20,000	 
0,446	 -50,361	 0,000	 -38,707	 21,000	 
0,446	 -50,352	 0,000	 -38,705	 22,000	 
0,451	 -50,345	 0,000	 -38,694	 23,000	 
0,446	 -50,334	 0,000	 -38,686	 24,000	 
0,446	 -50,325	 0,000	 -38,676	 25,000	 
0,447	 -50,313	 0,000	 -38,666	 26,000	 
0,446	 -50,301	 0,000	 -38,657	 27,000	 
0,444	 -50,290	 0,001	 -38,648	 28,000	 
0,449	 -50,280	 0,000	 -38,639	 29,000	 
0,447	 -50,268	 0,000	 -38,633	 30,000	 
0,447	 -50,262	 0,000	 -38,625	 31,000	 
0,446	 -50,251	 0,000	 -38,615	 32,000	 
0,446	 -50,248	 0,000	 -38,611	 33,000	 
0,448	 -50,230	 0,000	 -38,598	 34,000	 
0,448	 -50,222	 0,000	 -38,599	 35,000	 
0,448	 -50,213	 0,000	 -38,583	 36,000	 
0,448	 -50,202	 -0,001	 -38,578	 37,000	 
0,446	 -50,192	 0,000	 -38,572	 38,000	 
0,446	 -50,182	 0,000	 -38,560	 39,000	 
0,449	 -50,170	 0,000	 -38,555	 40,000	 
0,448	 -50,158	 0,000	 -38,554	 41,000	 
0,448	 -50,155	 0,000	 -38,541	 42,000	 
0,451	 -50,141	 0,000	 -38,534	 43,000	 
0,448	 -50,133	 0,000	 -38,527	 44,000	 
0,451	 -50,121	 0,000	 -38,519	 45,000	 
0,446	 -50,110	 0,000	 -38,512	 46,000	 
0,446	 -50,101	 0,000	 -38,501	 47,000	 
0,450	 -50,086	 0,000	 -38,494	 48,000	 
0,451	 -50,081	 0,000	 -38,488	 49,000	 
0,448	 -50,071	 0,000	 -38,485	 50,000	 
0,448	 -50,062	 0,000	 -38,475	 51,000	 
0,450	 -50,051	 0,000	 -38,469	 52,000	 
0,451	 -50,038	 0,000	 -38,454	 53,000	 
0,449	 -50,030	 0,000	 -38,449	 54,000	 
0,451	 -50,020	 0,000	 -38,442	 55,000	 
0,451	 -50,009	 0,000	 -38,433	 56,000	 
0,452	 -50,003	 0,000	 -38,425	 57,000	 
0,457	 -49,993	 0,000	 -38,420	 58,000	 
0,453	 -49,979	 0,000	 -38,412	 59,000	 
0,453	 -49,970	 0,000	 -38,404	 60,000	 
0,452	 -49,960	 0,000	 -38,397	 61,000	 
0,451	 -49,952	 0,000	 -38,389	 62,000	 
0,451	 -49,939	 0,000	 -38,381	 63,000	 
0,451	 -49,929	 0,000	 -38,377	 64,000	 
0,452	 -49,921	 0,000	 -38,364	 65,000	 
0,453	 -49,908	 0,000	 -38,360	 66,000	 
0,452	 -49,901	 0,000	 -38,353	 67,000	 
0,450	 -49,891	 0,001	 -38,342	 68,000	 
0,457	 -49,880	 0,000	 -38,337	 69,000	 
0,452	 -49,871	 0,000	 -38,328	 70,000	 
0,453	 -49,857	 0,000	 -38,320	 71,000	 
0,452	 -49,848	 0,000	 -38,313	 72,000	 
0,455	 -49,841	 0,000	 -38,311	 73,000	 
0,453	 -49,833	 0,000	 -38,301	 74,000	 
0,455	 -49,824	 0,000	 -38,293	 75,000	 
0,453	 -49,812	 0,000	 -38,279	 76,000	 
0,453	 -49,803	 0,000	 -38,276	 77,000	 
0,453	 -49,799	 0,000	 -38,267	 78,000	 
0,457	 -49,776	 0,000	 -38,257	 79,000	 
0,453	 -49,769	 0,000	 -38,252	 80,000	 
0,457	 -49,762	 0,000	 -38,243	 81,000	 
0,455	 -49,752	 0,000	 -38,238	 82,000	 
0,457	 -49,743	 0,000	 -38,232	 83,000	 
0,460	 -49,731	 0,000	 -38,221	 84,000	 
0,464	 -49,722	 0,000	 -38,216	 85,000	 
0,461	 -49,709	 0,000	 -38,206	 86,000	 
0,457	 -49,697	 0,000	 -38,198	 87,000	 
0,462	 -49,690	 0,000	 -38,190	 88,000	 
0,460	 -49,680	 0,000	 -38,185	 89,000	 
0,463	 -49,671	 0,000	 -38,178	 90,000	 
0,460	 -49,660	 0,000	 -38,171	 91,000	 
0,457	 -49,650	 0,000	 -38,156	 92,000	 
0,460	 -49,639	 0,000	 -38,152	 93,000	 
0,462	 -49,631	 0,000	 -38,146	 94,000	 
0,460	 -49,615	 0,000	 -38,135	 95,000	 
0,462	 -49,609	 0,000	 -38,133	 96,000	 
0,455	 -49,602	 0,000	 -38,122	 97,000	 
0,457	 -49,589	 0,000	 -38,116	 98,000	 
0,460	 -49,580	 0,000	 -38,105	 99,000	 
0,462	 -49,570	 0,000	 -38,098	 100,000	 
0,460	 -49,558	 0,000	 -38,092	 101,000	 
0,457	 -49,551	 0,000	 -38,081	 102,000	 
0,460	 -49,537	 0,000	 -38,077	 103,000	 
0,463	 -49,526	 0,000	 -38,067	 104,000	 
0,463	 -49,516	 0,000	 -38,061	 105,000	 
0,463	 -49,509	 0,000	 -38,057	 106,000	 
0,466	 -49,497	 0,000	 -38,048	 107,000	 
0,470	 -49,484	 0,000	 -38,039	 108,000	 
0,473	 -49,479	 0,000	 -38,030	 109,000	 
0,471	 -49,468	 0,000	 -38,024	 110,000	 
0,477	 -49,454	 0,000	 -38,014	 111,000	 
0,475	 -49,446	 0,000	 -38,008	 112,000	 
0,474	 -49,436	 0,000	 -37,998	 113,000	 
0,476	 -49,426	 0,000	 -37,989	 114,000	 
0,473	 -49,419	 0,000	 -37,983	 115,000	 
0,475	 -49,406	 0,000	 -37,973	 116,000	 
0,477	 -49,397	 0,000	 -37,967	 117,000	 
0,477	 -49,388	 0,000	 -37,958	 118,000	 
0,477	 -49,376	 0,000	 -37,957	 119,000	 
0,477	 -49,368	 0,000	 -37,945	 120,000	 
0,475	 -49,358	 0,000	 -37,936	 121,000	 
0,479	 -49,346	 0,000	 -37,928	 122,000	 
0,477	 -49,336	 0,000	 -37,921	 123,000	 
0,477	 -49,329	 0,000	 -37,915	 124,000	 
0,475	 -49,314	 0,000	 -37,901	 125,000	 
0,479	 -49,303	 0,000	 -37,899	 126,000	 
0,477	 -49,298	 0,000	 -37,888	 127,000	 
0,479	 -49,288	 0,000	 -37,885	 128,000	 
0,481	 -49,277	 0,000	 -37,876	 129,000	 
0,481	 -49,270	 0,000	 -37,864	 130,000	 
0,481	 -49,256	 0,000	 -37,859	 131,000	 
0,486	 -49,245	 0,000	 -37,851	 132,000	 
0,485	 -49,237	 0,000	 -37,845	 133,000	 
0,488	 -49,226	 0,000	 -37,837	 134,000	 
0,488	 -49,217	 0,000	 -37,830	 135,000	 
0,490	 -49,208	 0,000	 -37,823	 136,000	 
0,488	 -49,195	 0,000	 -37,814	 137,000	 
0,489	 -49,189	 0,000	 -37,807	 138,000	 
0,492	 -49,176	 0,000	 -37,796	 139,000	 
0,488	 -49,162	 0,000	 -37,795	 140,000	 
0,490	 -49,159	 0,000	 -37,785	 141,000	 
0,490	 -49,145	 0,000	 -37,779	 142,000	 
0,492	 -49,136	 0,000	 -37,769	 143,000	 
0,494	 -49,125	 0,000	 -37,762	 144,000	 
0,490	 -49,117	 0,000	 -37,757	 145,000	 
0,494	 -49,108	 0,000	 -37,743	 146,000	 
0,495	 -49,095	 0,000	 -37,741	 147,000	 
0,497	 -49,085	 0,000	 -37,733	 148,000	 
0,499	 -49,078	 0,000	 -37,722	 149,000	 
0,504	 -49,066	 0,000	 -37,715	 150,000	 
0,504	 -49,054	 0,000	 -37,708	 151,000	 
0,514	 -49,047	 0,000	 -37,697	 152,000	 
0,529	 -49,037	 0,000	 -37,692	 153,000	 
0,526	 -49,029	 0,000	 -37,680	 154,000	 
0,521	 -49,014	 0,000	 -37,671	 155,000	 
0,523	 -49,005	 0,000	 -37,668	 156,000	 
0,517	 -48,999	 0,000	 -37,658	 157,000	 
0,528	 -48,986	 0,000	 -37,652	 158,000	 
0,530	 -48,978	 0,000	 -37,644	 159,000	 
0,534	 -48,964	 0,000	 -37,636	 160,000	 
0,543	 -48,956	 0,000	 -37,632	 161,000	 
0,562	 -48,950	 0,000	 -37,620	 162,000	 
0,580	 -48,937	 0,000	 -37,612	 163,000	 
0,540	 -48,930	 0,000	 -37,606	 164,000	 
0,548	 -48,916	 0,000	 -37,594	 165,000	 
0,575	 -48,905	 0,000	 -37,590	 166,000	 
0,616	 -48,900	 0,000	 -37,584	 167,000	 
0,685	 -48,891	 0,000	 -37,573	 168,000	 
0,760	 -48,885	 0,000	 -37,570	 169,000	 
0,863	 -48,876	 0,000	 -37,559	 170,000	 
0,985	 -48,867	 0,000	 -37,554	 171,000	 
1,119	 -48,860	 0,000	 -37,542	 172,000	 
1,364	 -48,849	 0,000	 -37,534	 173,000	 
1,603	 -48,839	 0,000	 -37,529	 174,000	 
1,897	 -48,829	 0,000	 -37,520	 175,000	 
2,160	 -48,819	 0,000	 -37,512	 176,000	 
2,491	 -48,807	 0,000	 -37,508	 177,000	 
2,800	 -48,801	 0,000	 -37,500	 178,000	 
3,194	 -48,789	 0,000	 -37,490	 179,000	 
3,577	 -48,782	 0,000	 -37,485	 180,000	 
3,929	 -48,773	 0,000	 -37,475	 181,000	 
4,329	 -48,761	 0,000	 -37,469	 182,000	 
4,749	 -48,752	 0,000	 -37,461	 183,000	 
5,139	 -48,742	 0,000	 -37,454	 184,000	 
5,588	 -48,730	 0,000	 -37,443	 185,000	 
6,065	 -48,724	 0,000	 -37,439	 186,000	 
6,453	 -48,712	 0,000	 -37,428	 187,000	 
6,893	 -48,704	 0,000	 -37,420	 188,000	 
7,383	 -48,696	 0,000	 -37,417	 189,000	 
7,829	 -48,686	 0,000	 -37,404	 190,000	 
8,243	 -48,677	 0,000	 -37,405	 191,000	 
8,730	 -48,666	 0,000	 -37,391	 192,000	 
9,192	 -48,657	 0,000	 -37,385	 193,000	 
9,669	 -48,644	 0,000	 -37,381	 194,000	 
10,129	 -48,639	 0,000	 -37,369	 195,000	 
10,619	 -48,626	 0,000	 -37,355	 196,000	 
11,102	 -48,620	 0,000	 -37,351	 197,000	 
11,562	 -48,608	 0,000	 -37,342	 198,000	 
12,083	 -48,596	 0,000	 -37,336	 199,000	 
12,568	 -48,590	 0,000	 -37,329	 200,000	 
13,036	 -48,578	 0,000	 -37,317	 201,000	 
13,528	 -48,568	 0,000	 -37,314	 202,000	 
14,024	 -48,561	 0,000	 -37,306	 203,000	 
14,578	 -48,549	 0,000	 -37,297	 204,000	 
15,048	 -48,545	 0,000	 -37,292	 205,000	 
15,515	 -48,532	 0,000	 -37,283	 206,000	 
16,024	 -48,521	 0,000	 -37,275	 207,000	 
16,548	 -48,514	 0,000	 -37,268	 208,000	 
17,082	 -48,504	 0,000	 -37,257	 209,000	 
17,551	 -48,494	 0,000	 -37,253	 210,000	 
18,088	 -48,483	 0,000	 -37,245	 211,000	 
18,589	 -48,473	 0,001	 -37,236	 212,000	 
19,036	 -48,462	 0,000	 -37,230	 213,000	 
19,554	 -48,456	 0,000	 -37,221	 214,000	 
20,107	 -48,444	 0,000	 -37,213	 215,000	 
20,635	 -48,437	 0,000	 -37,208	 216,000	 
21,169	 -48,426	 0,000	 -37,198	 217,000	 
21,681	 -48,413	 0,000	 -37,190	 218,000	 
22,164	 -48,404	 0,000	 -37,182	 219,000	 
22,625	 -48,399	 0,000	 -37,174	 220,000	 
23,137	 -48,386	 0,000	 -37,170	 221,000	 
23,636	 -48,381	 0,000	 -37,158	 222,000	 
24,122	 -48,370	 0,000	 -37,150	 223,000	 
24,640	 -48,357	 0,000	 -37,145	 224,000	 
25,130	 -48,348	 0,000	 -37,134	 225,000	 
25,577	 -48,341	 0,000	 -37,129	 226,000	 
26,104	 -48,330	 0,000	 -37,121	 227,000	 
26,572	 -48,325	 0,000	 -37,112	 228,000	 
27,065	 -48,313	 0,000	 -37,106	 229,000	 
27,575	 -48,306	 0,000	 -37,099	 230,000	 
28,100	 -48,293	 0,000	 -37,092	 231,000	 
28,543	 -48,284	 0,000	 -37,092	 232,000	 
29,055	 -48,277	 0,000	 -37,073	 233,000	 
29,535	 -48,263	 0,000	 -37,067	 234,000	 
29,989	 -48,257	 0,000	 -37,062	 235,000	 
30,523	 -48,251	 0,000	 -37,054	 236,000	 
31,005	 -48,238	 0,000	 -37,046	 237,000	 
31,468	 -48,226	 0,000	 -37,036	 238,000	 
31,970	 -48,218	 0,000	 -37,032	 239,000	 
32,428	 -48,209	 0,000	 -37,024	 240,000	 
32,903	 -48,199	 0,001	 -37,017	 241,000	 
33,429	 -48,189	 0,000	 -37,008	 242,000	 
33,912	 -48,179	 0,000	 -37,000	 243,000	 
34,406	 -48,172	 0,000	 -36,994	 244,000	 
34,886	 -48,160	 0,000	 -36,983	 245,000	 
35,333	 -48,152	 0,000	 -36,978	 246,000	 
35,822	 -48,144	 0,000	 -36,966	 247,000	 
36,320	 -48,131	 0,000	 -36,964	 248,000	 
36,773	 -48,123	 0,000	 -36,952	 249,000	 
37,248	 -48,113	 0,000	 -36,947	 250,000	 
37,776	 -48,102	 0,000	 -36,941	 251,000	 
38,226	 -48,096	 0,000	 -36,931	 252,000	 
38,705	 -48,087	 0,000	 -36,924	 253,000	 
39,193	 -48,079	 0,001	 -36,917	 254,000	 
39,699	 -48,068	 0,000	 -36,911	 255,000	 
40,142	 -48,056	 0,000	 -36,902	 256,000	 
40,618	 -48,046	 0,000	 -36,893	 257,000	 
41,060	 -48,039	 0,001	 -36,887	 258,000	 
41,576	 -48,029	 0,000	 -36,879	 259,000	 
42,054	 -48,019	 0,000	 -36,873	 260,000	 
42,560	 -48,008	 0,000	 -36,864	 261,000	 
43,020	 -48,001	 0,000	 -36,857	 262,000	 
43,469	 -47,994	 0,000	 -36,847	 263,000	 
43,920	 -47,980	 0,000	 -36,840	 264,000	 
44,374	 -47,971	 0,000	 -36,835	 265,000	 
44,808	 -47,961	 0,000	 -36,828	 266,000	 
45,268	 -47,954	 0,000	 -36,819	 267,000	 
45,777	 -47,937	 0,000	 -36,807	 268,000	 
46,159	 -47,935	 0,000	 -36,803	 269,000	 
46,589	 -47,924	 0,000	 -36,799	 270,000	 
47,042	 -47,917	 0,000	 -36,786	 271,000	 
47,444	 -47,903	 0,001	 -36,777	 272,000	 
47,869	 -47,896	 0,000	 -36,773	 273,000	 
48,226	 -47,889	 0,000	 -36,766	 274,000	 
48,618	 -47,875	 0,000	 -36,755	 275,000	 
48,999	 -47,866	 0,000	 -36,753	 276,000	 
49,296	 -47,855	 0,000	 -36,744	 277,000	 
49,589	 -47,848	 0,000	 -36,734	 278,000	 
49,859	 -47,840	 0,000	 -36,724	 279,000	 
50,113	 -47,827	 0,000	 -36,713	 280,000	 
50,291	 -47,817	 0,000	 -36,707	 281,000	 
50,479	 -47,806	 0,000	 -36,693	 282,000	 
50,603	 -47,799	 0,000	 -36,689	 283,000	 
50,701	 -47,787	 0,000	 -36,681	 284,000	 
50,797	 -47,780	 0,000	 -36,673	 285,000	 
50,862	 -47,766	 0,000	 -36,664	 286,000	 
50,929	 -47,762	 0,000	 -36,659	 287,000	 
50,958	 -47,751	 0,000	 -36,650	 288,000	 
50,993	 -47,739	 0,000	 -36,642	 289,000	 
51,064	 -47,730	 0,000	 -36,634	 290,000	 
51,071	 -47,716	 0,000	 -36,631	 291,000	 
51,062	 -47,706	 0,000	 -36,620	 292,000	 
51,069	 -47,697	 0,000	 -36,608	 293,000	 
51,077	 -47,689	 0,000	 -36,605	 294,000	 
51,077	 -47,681	 0,000	 -36,599	 295,000	 
51,077	 -47,667	 0,000	 -36,590	 296,000	 
51,083	 -47,659	 0,000	 -36,583	 297,000	 
51,075	 -47,646	 0,000	 -36,574	 298,000	 
51,077	 -47,639	 0,000	 -36,567	 299,000	 
51,069	 -47,625	 0,000	 -36,558	 300,000	 
51,061	 -47,619	 0,000	 -36,551	 301,000	 
51,056	 -47,605	 0,000	 -36,544	 302,000	 
51,042	 -47,597	 0,000	 -36,539	 303,000	 
51,018	 -47,586	 0,000	 -36,531	 304,000	 
51,015	 -47,574	 0,000	 -36,525	 305,000	 
51,004	 -47,563	 0,000	 -36,516	 306,000	 
50,993	 -47,553	 0,000	 -36,502	 307,000	 
50,970	 -47,542	 0,000	 -36,504	 308,000	 
50,962	 -47,539	 0,000	 -36,491	 309,000	 
50,960	 -47,524	 0,000	 -36,480	 310,000	 
50,960	 -47,514	 0,000	 -36,474	 311,000	 
50,957	 -47,503	 0,000	 -36,467	 312,000	 
50,935	 -47,491	 0,000	 -36,461	 313,000	 
50,926	 -47,480	 0,000	 -36,451	 314,000	 
50,913	 -47,476	 0,000	 -36,443	 315,000	 
50,911	 -47,463	 0,000	 -36,441	 316,000	 
50,901	 -47,455	 0,000	 -36,429	 317,000	 
50,902	 -47,442	 0,000	 -36,421	 318,000	 
50,898	 -47,429	 0,000	 -36,415	 319,000	 
50,885	 -47,424	 0,000	 -36,407	 320,000	 
50,885	 -47,410	 0,000	 -36,400	 321,000	 
50,882	 -47,401	 0,000	 -36,392	 322,000	 
50,878	 -47,393	 0,000	 -36,382	 323,000	 
50,870	 -47,384	 0,000	 -36,379	 324,000	 
50,868	 -47,371	 0,000	 -36,365	 325,000	 
50,865	 -47,363	 0,000	 -36,360	 326,000	 
50,865	 -47,352	 0,000	 -36,356	 327,000	 
50,860	 -47,343	 0,000	 -36,345	 328,000	 
50,857	 -47,333	 0,000	 -36,338	 329,000	 
50,857	 -47,322	 0,000	 -36,334	 330,000	 
50,841	 -47,312	 0,000	 -36,322	 331,000	 
50,846	 -47,297	 0,000	 -36,315	 332,000	 
50,857	 -47,287	 0,000	 -36,309	 333,000	 
50,856	 -47,285	 0,001	 -36,298	 334,000	 
50,839	 -47,268	 0,000	 -36,293	 335,000	 
50,834	 -47,261	 0,000	 -36,286	 336,000	 
50,831	 -47,252	 0,000	 -36,278	 337,000	 
50,832	 -47,241	 0,000	 -36,273	 338,000	 
50,834	 -47,234	 0,000	 -36,263	 339,000	 
50,834	 -47,220	 0,001	 -36,255	 340,000	 
50,834	 -47,213	 0,000	 -36,249	 341,000	 
50,831	 -47,200	 0,000	 -36,238	 342,000	 
50,828	 -47,188	 0,001	 -36,230	 343,000	 
50,835	 -47,180	 0,000	 -36,225	 344,000	 
50,834	 -47,173	 0,000	 -36,215	 345,000	 
50,837	 -47,159	 0,000	 -36,207	 346,000	 
50,837	 -47,152	 0,000	 -36,203	 347,000	 
50,828	 -47,139	 0,000	 -36,190	 348,000	 
50,825	 -47,132	 0,000	 -36,189	 349,000	 
50,830	 -47,120	 0,000	 -36,174	 350,000	 
50,825	 -47,111	 0,000	 -36,170	 351,000	 
50,830	 -47,100	 0,000	 -36,164	 352,000	 
50,832	 -47,090	 0,000	 -36,158	 353,000	 
50,825	 -47,079	 0,000	 -36,146	 354,000	 
50,828	 -47,069	 0,000	 -36,144	 355,000	 
50,827	 -47,062	 0,000	 -36,131	 356,000	 
50,833	 -47,046	 0,000	 -36,125	 357,000	 
50,830	 -47,041	 0,000	 -36,118	 358,000	 
50,828	 -47,031	 0,000	 -36,109	 359,000	 
50,825	 -47,020	 0,000	 -36,098	 360,000	 
50,830	 -47,006	 0,000	 -36,093	 361,000	 
50,828	 -47,002	 0,000	 -36,087	 362,000	 
50,825	 -46,989	 0,000	 -36,078	 363,000	 
50,834	 -46,983	 0,000	 -36,076	 364,000	 
50,825	 -46,974	 0,000	 -36,063	 365,000	 
50,828	 -46,959	 0,000	 -36,055	 366,000	 
50,838	 -46,955	 0,000	 -36,047	 367,000	 
50,842	 -46,942	 0,000	 -36,038	 368,000	 
50,835	 -46,931	 0,000	 -36,032	 369,000	 
50,838	 -46,918	 0,000	 -36,023	 370,000	 
50,834	 -46,912	 0,001	 -36,016	 371,000	 
50,839	 -46,900	 0,001	 -36,008	 372,000	 
50,836	 -46,896	 0,000	 -36,001	 373,000	 
50,835	 -46,882	 0,000	 -35,992	 374,000	 
50,838	 -46,871	 0,000	 -35,984	 375,000	 
50,834	 -46,861	 0,000	 -35,977	 376,000	 
50,835	 -46,852	 0,000	 -35,971	 377,000	 
50,842	 -46,842	 0,000	 -35,962	 378,000	 
50,846	 -46,832	 0,000	 -35,952	 379,000	 
50,838	 -46,825	 0,000	 -35,946	 380,000	 
50,835	 -46,811	 0,000	 -35,939	 381,000	 
50,828	 -46,801	 0,000	 -35,930	 382,000	 
50,839	 -46,793	 0,001	 -35,920	 383,000	 
50,845	 -46,777	 0,000	 -35,920	 384,000	 
50,844	 -46,772	 0,000	 -35,907	 385,000	 
50,853	 -46,763	 0,000	 -35,898	 386,000	 
50,852	 -46,753	 0,000	 -35,895	 387,000	 
50,845	 -46,741	 0,000	 -35,885	 388,000	 
50,845	 -46,735	 0,000	 -35,880	 389,000	 
50,845	 -46,722	 0,000	 -35,869	 390,000	 
50,849	 -46,713	 0,000	 -35,864	 391,000	 
50,845	 -46,699	 0,000	 -35,857	 392,000	 
50,838	 -46,692	 0,000	 -35,850	 393,000	 
50,843	 -46,681	 0,000	 -35,839	 394,000	 
50,849	 -46,668	 0,000	 -35,835	 395,000	 
50,844	 -46,662	 0,000	 -35,822	 396,000	 
50,845	 -46,649	 0,000	 -35,814	 397,000	 
50,853	 -46,642	 0,001	 -35,810	 398,000	 
50,847	 -46,633	 0,000	 -35,802	 399,000	 
50,850	 -46,622	 0,000	 -35,795	 400,000	 
50,858	 -46,611	 0,000	 -35,785	 401,000	 
50,856	 -46,603	 0,001	 -35,777	 402,000	 
50,846	 -46,590	 0,001	 -35,771	 403,000	 
50,850	 -46,582	 0,000	 -35,765	 404,000	 
50,848	 -46,569	 0,000	 -35,754	 405,000	 
50,845	 -46,560	 0,000	 -35,748	 406,000	 
50,841	 -46,551	 0,001	 -35,733	 407,000	 
50,846	 -46,545	 0,000	 -35,729	 408,000	 
50,852	 -46,531	 0,000	 -35,721	 409,000	 
50,854	 -46,519	 0,000	 -35,715	 410,000	 
50,852	 -46,511	 0,000	 -35,704	 411,000	 
50,854	 -46,499	 0,001	 -35,697	 412,000	 
50,851	 -46,495	 0,000	 -35,693	 413,000	 
50,853	 -46,483	 0,001	 -35,686	 414,000	 
50,843	 -46,467	 0,000	 -35,677	 415,000	 
50,845	 -46,463	 0,000	 -35,670	 416,000	 
50,846	 -46,450	 0,001	 -35,663	 417,000	 
50,850	 -46,445	 0,000	 -35,655	 418,000	 
50,845	 -46,433	 0,000	 -35,647	 419,000	 
50,851	 -46,421	 0,000	 -35,639	 420,000	 
50,846	 -46,414	 0,000	 -35,631	 421,000	 
50,849	 -46,402	 0,000	 -35,622	 422,000	 
50,854	 -46,390	 0,000	 -35,616	 423,000	 
50,856	 -46,380	 0,000	 -35,607	 424,000	 
50,858	 -46,370	 0,000	 -35,600	 425,000	 
50,845	 -46,362	 0,000	 -35,594	 426,000	 
50,850	 -46,351	 0,000	 -35,583	 427,000	 
50,856	 -46,342	 0,000	 -35,575	 428,000	 
50,844	 -46,327	 0,001	 -35,574	 429,000	 
50,848	 -46,319	 0,001	 -35,565	 430,000	 
50,844	 -46,308	 0,001	 -35,554	 431,000	 
50,833	 -46,302	 0,001	 -35,551	 432,000	 
50,844	 -46,291	 0,001	 -35,541	 433,000	 
50,844	 -46,279	 0,001	 -35,531	 434,000	 
50,841	 -46,268	 0,001	 -35,524	 435,000	 
50,845	 -46,260	 0,001	 -35,518	 436,000	 
50,845	 -46,249	 0,000	 -35,510	 437,000	 
50,841	 -46,237	 0,001	 -35,501	 438,000	 
50,842	 -46,230	 0,000	 -35,494	 439,000	 
50,839	 -46,217	 0,000	 -35,487	 440,000	 
50,848	 -46,214	 0,000	 -35,480	 441,000	 
50,836	 -46,196	 0,000	 -35,469	 442,000	 
50,839	 -46,189	 0,000	 -35,462	 443,000	 
50,839	 -46,179	 0,000	 -35,456	 444,000	 
50,839	 -46,167	 0,000	 -35,445	 445,000	 
50,837	 -46,158	 0,000	 -35,438	 446,000	 
50,834	 -46,148	 0,001	 -35,436	 447,000	 
50,830	 -46,141	 0,000	 -35,423	 448,000	 
50,828	 -46,128	 0,000	 -35,413	 449,000	 
50,821	 -46,121	 0,001	 -35,410	 450,000	 
50,825	 -46,110	 0,001	 -35,398	 451,000	 
50,818	 -46,101	 0,000	 -35,392	 452,000	 
50,828	 -46,086	 0,000	 -35,385	 453,000	 
50,828	 -46,078	 0,001	 -35,376	 454,000	 
50,823	 -46,070	 0,001	 -35,370	 455,000	 
50,828	 -46,058	 0,001	 -35,360	 456,000	 
50,828	 -46,050	 0,001	 -35,352	 457,000	 
50,825	 -46,036	 0,001	 -35,345	 458,000	 
50,828	 -46,030	 0,000	 -35,342	 459,000	 
50,828	 -46,020	 0,001	 -35,329	 460,000	 
50,828	 -46,006	 0,000	 -35,323	 461,000	 
50,819	 -45,999	 0,000	 -35,315	 462,000	 
50,808	 -45,992	 0,000	 -35,310	 463,000	 
50,809	 -45,977	 0,000	 -35,300	 464,000	 
50,803	 -45,968	 0,000	 -35,293	 465,000	 
50,798	 -45,958	 0,001	 -35,284	 466,000	 
50,801	 -45,946	 0,000	 -35,276	 467,000	 
50,798	 -45,939	 0,000	 -35,270	 468,000	 
50,790	 -45,929	 0,000	 -35,260	 469,000	 
50,790	 -45,917	 0,000	 -35,254	 470,000	 
50,788	 -45,905	 0,000	 -35,247	 471,000	 
50,781	 -45,901	 0,000	 -35,239	 472,000	 
50,767	 -45,885	 0,001	 -35,231	 473,000	 
50,762	 -45,878	 0,000	 -35,227	 474,000	 
50,767	 -45,871	 0,001	 -35,214	 475,000	 
50,792	 -45,861	 0,001	 -35,210	 476,000	 
50,792	 -45,848	 0,000	 -35,201	 477,000	 
50,789	 -45,838	 0,001	 -35,193	 478,000	 
50,781	 -45,828	 0,001	 -35,187	 479,000	 
50,777	 -45,822	 0,001	 -35,179	 480,000	 
50,772	 -45,809	 0,000	 -35,171	 481,000	 
50,784	 -45,799	 0,001	 -35,162	 482,000	 
50,757	 -45,787	 0,001	 -35,153	 483,000	 
50,754	 -45,778	 0,000	 -35,147	 484,000	 
50,738	 -45,767	 0,001	 -35,144	 485,000	 
50,749	 -45,760	 0,001	 -35,129	 486,000	 
50,747	 -45,751	 0,001	 -35,125	 487,000	 
50,753	 -45,740	 0,000	 -35,118	 488,000	 
50,727	 -45,730	 0,000	 -35,110	 489,000	 
50,745	 -45,721	 0,000	 -35,103	 490,000	 
50,758	 -45,709	 0,000	 -35,098	 491,000	 
50,757	 -45,700	 0,001	 -35,088	 492,000	 
50,746	 -45,690	 0,001	 -35,081	 493,000	 
50,724	 -45,679	 0,000	 -35,074	 494,000	 
50,729	 -45,672	 0,000	 -35,064	 495,000	 
50,717	 -45,660	 0,001	 -35,055	 496,000	 
50,702	 -45,648	 0,001	 -35,050	 497,000	 
50,699	 -45,636	 0,000	 -35,042	 498,000	 
50,681	 -45,627	 0,001	 -35,034	 499,000	 
50,668	 -45,615	 0,001	 -35,026	 500,000	 
50,655	 -45,612	 0,001	 -35,020	 501,000	 
50,656	 -45,602	 0,001	 -35,011	 502,000	 
50,699	 -45,589	 0,000	 -35,001	 503,000	 
50,698	 -45,578	 0,001	 -34,995	 504,000	 
50,681	 -45,567	 0,001	 -34,994	 505,000	 
50,665	 -45,559	 0,001	 -34,983	 506,000	 
50,657	 -45,554	 0,000	 -34,975	 507,000	 
50,643	 -45,544	 0,001	 -34,964	 508,000	 
50,636	 -45,532	 0,001	 -34,958	 509,000	 
50,643	 -45,524	 0,001	 -34,952	 510,000	 
50,641	 -45,509	 0,001	 -34,947	 511,000	 
50,643	 -45,503	 0,001	 -34,936	 512,000	 
50,628	 -45,497	 0,000	 -34,927	 513,000	 
50,622	 -45,483	 0,001	 -34,919	 514,000	 
50,632	 -45,473	 0,001	 -34,909	 515,000	 
50,614	 -45,465	 0,001	 -34,902	 516,000	 
50,600	 -45,454	 0,001	 -34,901	 517,000	 
50,597	 -45,448	 0,001	 -34,891	 518,000	 
50,622	 -45,436	 0,001	 -34,879	 519,000	 
50,611	 -45,423	 0,001	 -34,873	 520,000	 
50,611	 -45,416	 0,000	 -34,868	 521,000	 
50,591	 -45,407	 0,001	 -34,862	 522,000	 
50,576	 -45,393	 0,001	 -34,855	 523,000	 
50,570	 -45,383	 0,001	 -34,844	 524,000	 
50,569	 -45,377	 0,000	 -34,836	 525,000	 
50,561	 -45,364	 0,001	 -34,828	 526,000	 
50,538	 -45,351	 0,001	 -34,818	 527,000	 
50,523	 -45,347	 0,001	 -34,813	 528,000	 
50,512	 -45,334	 0,000	 -34,810	 529,000	 
50,501	 -45,328	 0,001	 -34,800	 530,000	 
50,529	 -45,323	 0,000	 -34,791	 531,000	 
50,540	 -45,305	 0,000	 -34,783	 532,000	 
50,529	 -45,296	 0,000	 -34,774	 533,000	 
50,525	 -45,286	 0,001	 -34,766	 534,000	 
50,503	 -45,277	 0,000	 -34,756	 535,000	 
50,483	 -45,267	 0,001	 -34,743	 536,000	 
50,478	 -45,259	 0,001	 -34,737	 537,000	 
50,457	 -45,249	 0,001	 -34,730	 538,000	 
50,451	 -45,235	 0,000	 -34,720	 539,000	 
50,440	 -45,227	 0,000	 -34,715	 540,000	 
50,433	 -45,218	 0,001	 -34,704	 541,000	 
50,431	 -45,208	 0,001	 -34,698	 542,000	 
50,429	 -45,195	 0,000	 -34,696	 543,000	 
50,430	 -45,189	 0,001	 -34,682	 544,000	 
50,422	 -45,182	 0,001	 -34,675	 545,000	 
50,394	 -45,167	 0,000	 -34,670	 546,000	 
50,380	 -45,160	 0,001	 -34,660	 547,000	 
50,363	 -45,145	 0,000	 -34,649	 548,000	 
50,348	 -45,137	 0,001	 -34,643	 549,000	 
50,370	 -45,130	 0,001	 -34,638	 550,000	 
50,374	 -45,122	 0,001	 -34,629	 551,000	 
50,343	 -45,111	 0,001	 -34,623	 552,000	 
50,319	 -45,096	 0,001	 -34,619	 553,000	 
50,298	 -45,088	 0,001	 -34,605	 554,000	 
50,314	 -45,076	 0,001	 -34,597	 555,000	 
50,304	 -45,069	 0,000	 -34,594	 556,000	 
50,299	 -45,058	 0,001	 -34,585	 557,000	 
50,275	 -45,044	 0,001	 -34,577	 558,000	 
50,253	 -45,035	 0,001	 -34,570	 559,000	 
50,229	 -45,023	 0,001	 -34,562	 560,000	 
50,220	 -45,014	 0,000	 -34,556	 561,000	 
50,202	 -45,002	 0,001	 -34,549	 562,000	 
50,190	 -44,995	 0,001	 -34,538	 563,000	 
50,188	 -44,989	 0,001	 -34,532	 564,000	 
50,179	 -44,978	 0,001	 -34,524	 565,000	 
50,166	 -44,966	 0,001	 -34,516	 566,000	 
50,152	 -44,954	 0,000	 -34,505	 567,000	 
50,150	 -44,949	 0,001	 -34,502	 568,000	 
50,142	 -44,935	 0,001	 -34,492	 569,000	 
50,117	 -44,921	 0,001	 -34,488	 570,000	 
50,093	 -44,913	 0,000	 -34,479	 571,000	 
50,078	 -44,906	 0,001	 -34,470	 572,000	 
50,070	 -44,893	 0,001	 -34,463	 573,000	 
50,043	 -44,883	 0,001	 -34,456	 574,000	 
50,023	 -44,871	 0,001	 -34,447	 575,000	 
50,015	 -44,863	 0,001	 -34,441	 576,000	 
50,026	 -44,853	 0,001	 -34,432	 577,000	 
50,022	 -44,843	 0,001	 -34,425	 578,000	 
49,993	 -44,829	 0,001	 -34,422	 579,000	 
49,969	 -44,819	 0,001	 -34,407	 580,000	 
49,960	 -44,816	 0,001	 -34,401	 581,000	 
49,938	 -44,801	 0,001	 -34,394	 582,000	 
49,908	 -44,789	 0,000	 -34,388	 583,000	 
49,900	 -44,781	 0,001	 -34,380	 584,000	 
49,878	 -44,769	 0,001	 -34,371	 585,000	 
49,868	 -44,761	 0,001	 -34,367	 586,000	 
49,846	 -44,748	 0,001	 -34,357	 587,000	 
49,823	 -44,738	 0,001	 -34,350	 588,000	 
49,806	 -44,728	 0,001	 -34,342	 589,000	 
49,788	 -44,719	 0,001	 -34,336	 590,000	 
49,774	 -44,705	 0,001	 -34,327	 591,000	 
49,765	 -44,697	 0,001	 -34,318	 592,000	 
49,741	 -44,688	 0,001	 -34,312	 593,000	 
49,725	 -44,678	 0,001	 -34,301	 594,000	 
49,707	 -44,665	 0,001	 -34,298	 595,000	 
49,690	 -44,656	 0,001	 -34,285	 596,000	 
49,687	 -44,645	 0,001	 -34,279	 597,000	 
49,647	 -44,631	 0,001	 -34,272	 598,000	 
49,627	 -44,624	 0,001	 -34,269	 599,000	 
49,598	 -44,615	 0,001	 -34,256	 600,000	 
49,583	 -44,607	 0,001	 -34,253	 601,000	 
49,574	 -44,595	 0,001	 -34,243	 602,000	 
49,573	 -44,584	 0,001	 -34,233	 603,000	 
49,553	 -44,567	 0,001	 -34,227	 604,000	 
49,513	 -44,562	 0,001	 -34,218	 605,000	 
49,476	 -44,553	 0,001	 -34,212	 606,000	 
49,469	 -44,541	 0,001	 -34,204	 607,000	 
49,454	 -44,534	 0,001	 -34,196	 608,000	 
49,421	 -44,520	 0,000	 -34,191	 609,000	 
49,369	 -44,510	 0,001	 -34,181	 610,000	 
49,377	 -44,499	 0,001	 -34,173	 611,000	 
49,362	 -44,492	 0,001	 -34,162	 612,000	 
49,346	 -44,482	 0,001	 -34,158	 613,000	 
49,327	 -44,472	 0,001	 -34,152	 614,000	 
49,309	 -44,462	 0,001	 -34,143	 615,000	 
49,285	 -44,454	 0,000	 -34,136	 616,000	 
49,265	 -44,441	 0,001	 -34,129	 617,000	 
49,208	 -44,431	 0,001	 -34,118	 618,000	 
49,201	 -44,418	 0,001	 -34,115	 619,000	 
49,184	 -44,413	 0,001	 -34,108	 620,000	 
49,161	 -44,402	 0,001	 -34,098	 621,000	 
49,131	 -44,393	 0,001	 -34,090	 622,000	 
49,102	 -44,382	 0,001	 -34,078	 623,000	 
49,075	 -44,372	 0,001	 -34,071	 624,000	 
49,064	 -44,359	 0,001	 -34,064	 625,000	 
49,045	 -44,350	 0,001	 -34,054	 626,000	 
49,026	 -44,341	 0,001	 -34,045	 627,000	 
48,995	 -44,331	 0,001	 -34,040	 628,000	 
48,962	 -44,320	 0,001	 -34,039	 629,000	 
48,932	 -44,311	 0,002	 -34,025	 630,000	 
48,885	 -44,303	 0,001	 -34,017	 631,000	 
48,864	 -44,292	 0,001	 -34,012	 632,000	 
48,851	 -44,284	 0,001	 -34,003	 633,000	 
48,829	 -44,270	 0,001	 -33,994	 634,000	 
48,816	 -44,263	 0,001	 -33,985	 635,000	 
48,796	 -44,252	 0,000	 -33,980	 636,000	 
48,774	 -44,240	 0,001	 -33,972	 637,000	 
48,719	 -44,229	 0,001	 -33,966	 638,000	 
48,683	 -44,223	 0,000	 -33,957	 639,000	 
48,652	 -44,211	 0,001	 -33,950	 640,000	 
48,619	 -44,201	 0,001	 -33,943	 641,000	 
48,612	 -44,196	 0,001	 -33,935	 642,000	 
48,595	 -44,187	 0,001	 -33,926	 643,000	 
48,550	 -44,168	 0,001	 -33,919	 644,000	 
48,501	 -44,165	 0,001	 -33,913	 645,000	 
48,496	 -44,153	 0,001	 -33,904	 646,000	 
48,461	 -44,139	 0,001	 -33,895	 647,000	 
48,434	 -44,131	 0,001	 -33,889	 648,000	 
48,403	 -44,120	 0,001	 -33,880	 649,000	 
48,334	 -44,110	 0,001	 -33,876	 650,000	 
48,325	 -44,102	 0,001	 -33,868	 651,000	 
48,297	 -44,091	 0,001	 -33,860	 652,000	 
48,281	 -44,080	 0,001	 -33,851	 653,000	 
48,237	 -44,073	 0,001	 -33,846	 654,000	 
48,121	 -44,066	 0,001	 -33,835	 655,000	 
48,128	 -44,054	 0,001	 -33,830	 656,000	 
48,132	 -44,046	 0,001	 -33,821	 657,000	 
48,118	 -44,032	 0,001	 -33,811	 658,000	 
48,100	 -44,023	 0,001	 -33,801	 659,000	 
48,076	 -44,011	 0,001	 -33,798	 660,000	 
47,936	 -44,005	 0,001	 -33,787	 661,000	 
47,926	 -43,989	 0,001	 -33,775	 662,000	 
47,919	 -43,979	 0,001	 -33,769	 663,000	 
47,900	 -43,971	 0,001	 -33,763	 664,000	 
47,833	 -43,961	 0,001	 -33,754	 665,000	 
47,750	 -43,950	 0,001	 -33,747	 666,000	 
47,718	 -43,943	 0,001	 -33,741	 667,000	 
47,707	 -43,929	 0,001	 -33,733	 668,000	 
47,657	 -43,920	 0,001	 -33,729	 669,000	 
47,606	 -43,911	 0,001	 -33,722	 670,000	 
47,573	 -43,897	 0,001	 -33,711	 671,000	 
47,506	 -43,891	 0,001	 -33,703	 672,000	 
47,433	 -43,884	 0,002	 -33,692	 673,000	 
47,405	 -43,872	 0,001	 -33,685	 674,000	 
47,321	 -43,861	 0,001	 -33,681	 675,000	 
0,476	 -43,822	 0,023	 -33,671	 676,000	 
0,448	 -43,811	 0,005	 -33,665	 677,000	 
0,452	 -43,798	 0,005	 -33,655	 678,000	 
0,454	 -43,792	 0,005	 -33,646	 679,000	 
0,454	 -43,782	 0,006	 -33,641	 680,000	 
0,453	 -43,772	 0,006	 -33,638	 681,000	 
0,453	 -43,760	 0,005	 -33,631	 682,000	 
0,457	 -43,748	 0,005	 -33,616	 683,000	 
